229962181|0
242557874|0
499951733|0
912445849|8
1035021852|0
1063144892|0
1246876828|39
1391704275|0
1392530214|5
1402957771|25
1529249489|0
1622842195|0
1779848045|0
1791355024|19
1875689118|0
2152982518|0
2276207002|1
2316224694|0
2393812096|0
2395725617|13
2406958941|0
2441737400|0
2458097170|31
2658427307|0
2836792693|0
2946415304|38
2953867517|0
2954255560|0
2956340989|0
3134836533|3
3141906702|30
3179279832|0
3273119914|0
3307894137|0
3327895451|0
3387357906|0
3492532016|0
3391862584|0
8255053|0
38500632|0
450988468|0
485184047|22
614392474|0
792525392|0
908622341|0
923555301|0
1058550506|0
1228682143|0
1265531958|0
1420924427|0
1619653921|0
1778699091|0
1801452714|0
1945471892|0
2198047522|0
2511605721|0
2530870212|0
2795828459|0
2876613787|1
2913245886|0
2963459883|0
3141710150|0
3217757097|0
3224204595|2
3241250836|0
3258688510|0
3375264559|0
161232962|0
478310678|0
744197991|0
851395252|3
877761382|0
924842250|1
1016213438|0
1165288802|0
1204872220|25
1352647296|3
1359234940|14
1416410209|0
1482068347|0
1611216717|0
1787534946|2
1837034140|0
1876624925|0
2198594788|11
2497166515|0
2508204216|10
2538884068|2
2543316854|6
2630233216|0
2795083953|13
2798853985|0
2810829890|0
3040907512|0
3104568807|0
3124414239|0
3148142170|0
3343857573|11
3401726865|8
3473438338|0
3405637452|7
1187626443|0
161795959|0
437092783|0
488088187|0
546115696|0
563378405|0
565215372|0
570319879|0
578153786|0
625511489|0
715160635|0
798747208|0
835836191|0
846535992|0
976350446|0
980561536|0
1012368773|0
1027980409|0
1045188331|0
1101839859|0
1123386085|0
1131154088|0
1187934311|0
1290337473|0
1292700826|0
1318000868|0
1326895057|0
1353717552|0
1376029002|0
1397441909|0
1415055763|0
1420035683|0
1448913434|0
1469289449|0
1492036720|0
1564229798|0
1570175740|0
1574599268|0
1580012982|0
1604214176|0
1611074159|0
1649590293|0
1653368588|0
1654117107|0
1694095529|0
1712982249|6
1766524181|1
1790907260|0
1829439159|0
1841093373|0
1842276413|0
1846602491|0
1903518149|0
1904164092|0
2014107198|0
2045295049|0
2050522602|0
2050640359|0
2099731035|0
2124026589|0
2127662795|0
2300741431|0
2370538980|0
2410944920|0
2435907272|0
2437240150|1
2450275515|0
2467058722|0
2470717569|0
2510538639|0
2529542509|0
2536270173|0
2536372645|0
2548132939|0
2592998929|0
2597745062|0
2631729857|0
2663385640|0
2674610176|0
2685449166|0
2721445669|0
2786607447|0
2814302312|0
2834778785|2
2849754415|1
2873832196|0
2943371737|0
2963364344|0
2970105246|0
2981348092|0
2992566521|0
3077184989|0
3096863398|0
3108057485|0
3150926744|0
3164897714|0
3168412790|0
3246957200|0
3307401196|0
3307722373|0
3335046805|0
3340375933|1
3435952369|0
3517389596|0
3520569427|0
3592057127|0
3603953982|0
3611084905|0
3169832261|0
951218727|0
1193698315|0
2955785615|0
1245046532|0
2644640616|6
3137029792|0
1276167134|0
1494763733|0
2153958214|0
2574734245|0
2721482852|0
2413063471|0
2456486585|0
2919187384|2
3087015083|0
2942144632|1
3591677401|0
1242705207|0
1351731270|0
2054806215|1
2379207887|0
2474785075|0
3074140780|0
3545105244|0
2859687831|0
2953316726|0
3548898476|0
2219458652|0
1415992724|0
2079757477|0
2182734266|0
2197430498|0
2336050795|0
3392219980|0
1580796099|0
2281954831|0
965384742|0
1148878521|0
1505148250|0
1625973637|0
2093144530|0
3388277258|0
3421424260|5
405052844|5
1335095412|0
2101862309|0
2834630598|0
2855283851|6
11219174|0
38110522|0
40533011|0
161028609|2
166282294|1
166287872|0
194882996|0
246342253|0
357532429|0
359942999|0
379750463|0
390238709|0
408250926|0
446571074|0
481191585|0
497715380|0
572147945|0
641181091|0
646203459|0
654546083|0
664934304|0
773775602|0
798802185|0
799618174|0
850870636|0
894567617|0
936409942|0
1031410771|0
1084467048|0
1095631556|0
1103459088|0
1115985467|0
1127530320|0
1144293647|0
1209734936|0
1240321315|0
1252693389|0
1271962998|0
1275651410|32
1291374545|0
1307593371|0
1320878835|0
1349531254|0
1362875159|0
1373216830|0
1377757148|0
1378526128|0
1429338722|0
1436274342|0
1457184795|0
1476950559|0
1516366352|0
1531955167|0
1546128245|0
1580412105|0
1677221913|0
1679138494|0
1693256674|0
1701440488|0
1710078087|0
1727886492|0
1748522864|0
1749727684|0
1750144847|0
1766169949|0
1815494297|0
1907644075|0
1913068909|0
1925871109|0
1929849556|0
1934039474|0
2055996518|0
2056301085|0
2076259510|4
2077618478|0
2080313105|0
2104106334|22
2148566807|0
2183814625|0
2194955292|0
2198366572|0
2213806941|0
2231575025|0
2233267199|0
2253034637|0
2270256482|0
2294697498|0
2319307648|0
2319893918|0
2339083500|0
2363589906|0
2374914090|0
2396473089|0
2410808300|0
2422568320|0
2436799476|0
2464403767|0
2469610950|0
2515756446|0
2581834280|0
2597323329|0
2598837719|0
2603548938|0
2675987886|0
2676194079|0
2689908045|0
2703954916|0
2710378476|0
2716869816|0
2731984617|0
2745231978|0
2781944995|0
2803478611|0
2824401076|0
2835177269|0
2835899854|0
2838884117|0
2854196310|0
2864321101|0
2868493157|0
2917994539|0
2947008146|0
2952726159|0
2974213513|0
2985767158|0
3032732310|0
3034336371|0
3037827704|0
3108940293|0
3135078612|0
3139595809|0
3165623587|0
3174864768|0
3176947935|0
3179330568|0
3194264768|0
3240939482|0
3257994020|0
3276533929|0
3278666316|0
3296226704|0
3306797959|0
3309514277|0
3314732425|0
3318601581|0
3322129521|0
3348477924|0
3351410359|0
3368887473|0
3369002766|0
3369167758|0
3391658470|0
3414997640|0
3447718318|0
3466846521|0
3483531047|0
3495376639|0
3535762644|0
3558019437|0
271066615|0
283743148|0
318340839|0
469677426|18
647929196|0
729840084|0
749045134|0
847758655|0
870025387|0
980402531|0
986632854|0
1035707730|0
1070594187|0
1127276751|0
1196941473|0
1228227514|0
1253446263|0
1254784306|0
1337656589|0
1339827305|0
1361378859|0
1390059029|0
1454021861|0
1480265228|0
1507692501|0
1633211716|0
1749329864|0
1749711515|0
1791663993|0
1848803219|0
1879457123|0
1967056564|0
2046254626|0
2063359116|0
2070332683|0
2089467296|1
2096739565|0
2096918036|0
2177482599|0
2180093926|0
2213916144|0
2277584212|0
2289647575|0
2338252817|0
2410474570|0
2457136037|0
2496522863|0
2544350917|0
2562937354|0
2632425848|0
2720385452|0
2734950761|0
2771558630|0
2774878858|0
2817438190|0
2846725030|0
2869628983|0
2918832895|0
2949488813|0
2976253722|0
3113816991|1
3134445624|0
3191838009|0
3192132224|0
3199945668|0
3227209073|5
3238257655|0
3241407128|0
3280162412|0
3383692305|0
3501864447|0
3506727010|0
3517842612|0
3519093508|0
3406594851|0
194448368|0
244474084|0
248840297|0
270623137|0
274364323|0
328064907|0
377498875|0
381887797|0
478785985|0
490218701|0
756167784|0
822384098|0
841631320|0
906624356|0
1002045493|0
1011288090|0
1036559459|0
1149686560|0
1247872260|0
1284854194|0
1295755545|0
1400714660|0
1405797447|0
1446590893|0
1492008136|0
1550283517|0
1571232557|0
1584007468|0
1585771979|0
1587690744|0
1587925294|0
1607970721|0
1656226978|0
1690985530|0
1802858269|0
1987149448|0
2033188351|0
2036046024|0
2045534855|0
2061904497|0
2110890137|0
2145609137|0
2215059645|0
2242628522|0
2270717238|0
2307412772|0
2322298960|0
2368013732|0
2464302550|0
2499484038|0
2569414591|0
2632526712|0
2653139525|0
2675434842|0
2694454209|0
2722472745|0
2785933863|0
2836929338|0
2854196312|0
2854196320|0
2929282210|0
2929819470|0
2976309995|0
3096916020|0
3180922516|0
3219330343|0
3325281310|0
3369339877|0
3402430631|0
3422460883|0
3430593955|0
3431486995|0
3442455064|0
3471588206|0
3481504663|0
3498876387|0
3583255968|0
3602719150|0
3623238388|0
21652728|0
269329011|0
341876165|0
740027314|0
813865350|0
823255593|0
1055572628|0
1143851604|0
1289938381|0
1303863364|0
1308173914|5
1436981048|0
1448251976|3
1489180108|0
1494786026|18
1592763307|0
1679636365|0
1690779418|1
1737173599|0
1918014203|0
2076294770|0
2119962711|0
2146904024|6
2248186038|4
2311262124|0
2380041990|0
2394743685|0
2405508930|0
2406015107|0
2430613407|0
2571159621|0
2609132360|0
2701009731|0
2741546997|0
2754067357|0
2811132925|0
2898123903|0
2936750086|0
2985859793|0
2991389638|0
3013878152|0
3045126546|0
3102806317|0
3146161099|0
3147950651|0
3161026955|0
3202813383|0
3213638939|0
3222400546|0
3224984676|0
3227709368|0
3239477258|0
3298588662|0
3307857440|0
3410444258|0
3447462470|0
3493797726|0
3512763360|0
295015307|0
332184217|0
364238545|0
378916264|0
390187927|0
411698592|0
435764678|0
507882143|0
571123503|0
578322021|0
591818924|0
596618301|0
610480663|0
646082766|0
736183641|0
754622856|0
834993239|0
896376087|0
1017445039|0
1032962970|0
1051495070|0
1115217720|0
1124576383|0
1172877883|0
1259876420|0
1262303705|0
1263905189|0
1265052805|0
1275809751|0
1325457550|0
1330248461|0
1364735144|0
1373494869|0
1395543680|0
1402113802|0
1424528345|0
1455516432|0
1482698625|0
1526860880|0
1528686701|0
1537569781|0
1579411741|0
1579848084|0
1594703250|0
1605188739|0
1617237798|0
1637919685|0
1666145037|0
1710958992|0
1711618825|7
1712128412|0
1735733704|0
1758582379|0
1766996184|0
1786525298|0
1823242788|0
1839993493|0
1911862169|0
1920687990|0
1955085147|0
2038447058|0
2108167522|0
2201746332|0
2296417840|0
2312919970|0
2322428412|0
2357451280|0
2367496587|0
2372913927|0
2430294258|0
2440426646|0
2461546337|0
2474379411|0
2477060507|0
2517739801|0
2532402080|0
2585847077|0
2602264011|0
2643196648|0
2668630748|0
2707874893|0
2737503358|0
2895970008|0
2980340766|0
3039483088|0
3067235137|0
3125327648|0
3151224093|0
3182864405|0
3210265509|3
3213825951|0
3222453327|0
3240689931|0
3245330354|0
3257155095|0
3265314707|0
3301433845|0
3371196235|0
3406408632|0
3411432715|0
3447523722|0
3459027207|9
3468208613|0
11660590|0
57892198|0
66836045|0
85446947|0
89035689|0
156057263|0
172140472|0
188421708|0
207243720|0
249170764|0
251779986|0
277489184|0
283734373|0
310437450|0
347532029|0
347798910|0
352307193|0
353033712|0
368962256|0
374245120|0
382257653|0
389375228|0
398044138|0
406994716|0
412004195|0
420463745|0
434210476|0
447237521|0
453317709|0
454434944|0
462609978|0
478094169|0
484513882|0
516346988|0
530165267|0
532732098|0
542130927|0
549000631|0
562292734|0
573675701|0
617194716|0
617861129|0
624525620|0
627101788|0
649895768|0
651172531|0
651747309|0
653136255|0
675182487|0
695265842|0
710570664|0
724479378|0
724765735|0
740745812|0
747012228|0
751983583|0
759614178|0
766508780|0
784926398|0
791423074|0
793371537|0
793538764|0
798446854|0
805577479|0
806276675|0
815871695|0
820142711|0
825789668|0
826059020|0
826181874|0
827576151|0
835345771|0
835812717|0
837426364|0
837457283|0
842688930|0
850032893|0
850279064|0
858221162|0
864113815|0
872784694|0
876652406|0
894429022|0
898402301|0
904832671|0
908045165|0
913538501|0
919608282|0
923757018|0
928543125|0
929725938|0
931452255|0
942082493|0
942910239|0
949874766|0
956152296|0
957225045|0
957256498|0
973426163|0
975780685|0
976510300|0
994583448|0
1010979228|0
1014080003|0
1016685459|0
1019406274|0
1021446624|0
1026106670|0
1027623069|0
1029987447|0
1030078298|0
1045047997|1
1052246785|0
1052718283|0
1063760424|0
1067386114|0
1067969860|0
1076008302|0
1076928948|0
1093995790|0
1105446268|0
1106117581|0
1119560360|0
1123151310|0
1138677231|0
1149476672|0
1181496598|0
1186684733|0
1193269604|0
1197813623|0
1203983071|0
1211647229|0
1215893799|0
1223269593|0
1226485837|0
1226783934|0
1249036811|0
1253761707|0
1261597122|0
1278787595|0
1308183578|0
1311427577|0
1312028756|0
1321674027|0
1325054302|0
1329470421|0
1336039253|0
1371312476|0
1390502376|0
1394334257|0
1397529037|0
1398257088|0
1402407378|0
1402452480|0
1402917583|0
1404186021|0
1404729378|0
1405730058|0
1411657598|0
1416039637|0
1417482941|0
1427069045|0
1430948575|0
1447664462|0
1450323835|0
1503907431|0
1505803517|0
1512325797|0
1556281559|0
1577145015|0
1578894361|0
1612486740|0
1657297533|0
1678043900|0
1678956795|0
1714768247|0
1715202074|0
1715314121|0
1719613866|0
1725434088|0
1742235274|0
1760139666|0
1763327187|0
1776630303|0
1778048962|0
1826592951|0
1846075269|0
1850680877|0
1873340400|0
1910912366|0
1912425022|0
1916936704|0
1918710454|0
1955711927|0
1971559892|0
1994673156|0
2027982247|0
2062608878|0
2074209846|0
2076836103|0
2103733131|0
2109880542|0
2118479136|0
2153854050|0
2156846238|0
2168403957|0
2181025940|0
2187353639|0
2226907241|0
2230619047|0
2241585194|0
2246413523|0
2260017245|0
2275376461|0
2323193459|0
2338535748|3
2352768343|0
2359983693|0
2371970480|0
2397158439|0
2414418623|0
2448801294|0
2449319864|0
2460440200|0
2477328048|0
2496029288|0
2503312697|0
2503727657|0
2508786005|0
2509532899|0
2516851965|0
2518536740|0
2521930378|0
2565128043|0
2574994844|0
2576599853|0
2586906195|0
2589466787|0
2590039802|0
2592995277|0
2602484130|0
2624596073|0
2652395927|0
2669541784|0
2692234500|0
2750590229|0
2771185605|18
2781646822|0
2790448190|0
2795097569|0
2814549102|0
2844429087|0
2862763042|0
2930784384|0
2931342841|0
2944003151|0
2981025885|0
3035536088|0
3068954061|5
3069595018|0
3069754717|0
3113323434|0
3113771518|0
3186332810|0
3193024056|0
3224258404|0
3291495356|0
3298554997|0
3303557820|0
3313200859|0
3319025881|0
3338174732|0
3339866034|0
3351213337|0
3421970668|0
3591806797|0
459595651|0
477133442|0
670051131|0
1229238106|0
1272394657|0
1368758808|0
1395494029|0
1398894932|0
1594475675|0
1774282511|0
1827106149|0
1847678623|0
2218525807|0
2316439172|1
2448416287|0
2777932671|0
2805920201|0
3323859867|0
3352290250|0
89774175|0
161851254|0
196993618|0
386055528|0
421341668|0
575932355|0
601126256|0
632812330|0
674403926|0
675947305|0
734909284|0
742803407|0
781984973|0
792910674|0
835263714|0
844835240|0
862290065|0
917560117|0
946862533|0
972654573|0
1034355002|0
1059857268|0
1079913742|0
1134515276|0
1143267891|0
1146250293|0
1161514432|0
1250610564|0
1256766238|0
1305773851|0
1359813287|0
1360514594|0
1372634850|0
1402082720|0
1404847036|0
1435023876|0
1438793673|0
1460125132|0
1478476920|0
1503425381|0
1505354352|0
1511646440|0
1515656345|0
1547953279|0
1586119717|0
1649534047|0
1691080529|2
1710638109|0
1753192743|0
1760638415|0
1770269440|0
1773246058|0
1806704798|0
1821788489|0
1830992257|0
1838059217|0
1842589703|0
1911979778|0
2018527989|0
2084947419|0
2085989798|0
2093294985|0
2095146059|0
2126521964|0
2167125473|0
2199252673|0
2241105650|0
2263088876|0
2298661362|0
2315572929|0
2321816746|0
2354800016|0
2385635027|0
2414044850|0
2419770565|0
2455100592|0
2523071523|0
2528757214|0
2535683867|0
2543007448|0
2572081366|0
2577831815|0
2582035793|0
2582277401|0
2589054443|0
2594793132|0
2606603620|0
2633442532|0
2645424393|0
2667419571|0
2668775110|0
2770859503|0
2859431590|0
2862957159|0
2865538283|0
2928198008|0
2932546090|0
2945872804|0
2951332488|0
2980228135|0
2983527606|0
3051344719|0
3054239373|0
3057832921|1
3064275173|0
3065994713|0
3073399072|0
3090910181|0
3097718198|0
3102000637|0
3129197972|0
3200520089|0
3235675175|0
3246839295|0
3255906071|0
3263210240|0
3267128288|0
3269952750|0
3270316285|0
3303630143|0
3311757164|0
3324311138|0
3347732437|0
3349258560|0
3353654530|0
3356638536|0
3357891668|0
3359708061|0
3364229401|0
3413475544|0
3427126879|0
3440139993|0
3443148729|0
3498089856|0
3540588815|0
3546217676|0
3565960342|0
3616509439|0
2750948935|0
156624784|0
158208043|0
194979419|0
313774726|0
370574861|2
403785045|0
417595509|0
455130015|0
485577280|0
695454202|0
820812450|0
836690793|0
840995269|0
875064028|0
908821921|0
909700337|0
951156217|0
951299125|0
965064971|0
1014657213|0
1048708383|0
1065877190|0
1092394890|0
1109207268|0
1135928567|0
1156495218|0
1160740577|0
1169838549|0
1192447972|0
1210208988|0
1210516632|0
1259113001|0
1273756705|0
1282443047|0
1297565976|0
1300160759|3
1321983276|0
1378170690|0
1391536232|0
1399534152|0
1418263406|0
1469335215|0
1490431439|0
1504228898|0
1559780094|0
1685285050|0
1727698998|0
1748778780|0
1761055712|0
1793021202|0
1797296203|0
1821131981|0
1822455876|0
1824789744|0
1875570239|0
1952954457|0
2142217996|0
2193585334|0
2214949791|0
2235931454|0
2272599399|0
2297301029|0
2622101002|0
2839821850|0
3124232793|0
3224745841|0
3253504787|0
3423794620|0
3450045220|0
3496280070|0
3509654330|1
160825775|0
215935553|0
251180604|0
294097791|0
326433613|0
347149414|0
378106797|0
447879975|0
476421785|0
481651899|0
486950382|0
594578211|0
597714289|0
623754081|0
641734639|0
653806427|0
725699023|0
734087857|0
865129843|0
919038454|0
1014242991|0
1017313889|0
1148070374|0
1196160705|0
1246045615|0
1258245320|0
1260452768|0
1269622704|0
1290166378|0
1294633862|0
1309336961|0
1422963041|0
1484605276|0
1507365093|0
1585080335|0
1602296555|0
1712109132|0
1741654778|0
1764751852|0
1808735207|0
1836922097|2
1873427368|0
1924428139|0
353910052|9
873904528|0
987299011|0
1002974295|0
1241659786|0
1241687285|0
1341681856|0
1411688657|0
1426861308|0
1453251567|0
1669626456|0
1700954089|0
2365223111|0
2645348340|0
2674743262|0
2954740042|0
3428432885|0
3508699877|0
3527835053|0
553648042|0
774632379|0
804113954|0
843340636|0
978823708|0
1084345399|0
1244476180|0
1390875604|0
1476444213|0
1589973383|0
1593646536|0
1905188210|0
1986299168|0
2077608664|0
2134640260|0
2156203094|0
2207782120|0
2253973880|0
2318750274|0
2509002521|0
2689796467|0
2793579208|0
2802637534|0
2905383733|0
2915800366|0
2993066858|0
3198653365|0
3213057996|0
3223869417|0
3284242722|0
3445877193|0
3492555709|0
3520775065|0
151490157|0
172591174|0
204413463|0
1002056801|0
1044792965|0
1272316146|0
1428287285|0
1517425658|0
1525101164|0
1561302457|0
1639137785|0
1774692575|0
1948326900|0
2080603171|0
2096133259|0
2103598937|0
2218138804|0
2479300178|0
2662978943|0
2717278910|3
2983376477|0
3096596328|2
3136331682|0
3296758909|0
3309601158|0
3332543609|0
3367566082|0
3415614833|14
3477887336|0
1936564083|0
1952773098|0
1976871646|0
1991046138|0
2034717388|0
2089693971|0
2106878256|0
2132088668|0
2148014872|0
2163953074|0
2179146327|0
2196794293|0
2219269221|0
2279419904|0
2285214297|0
2301304942|0
2329066505|0
2370828896|0
2409298080|0
2417245113|0
2424518084|0
2436489242|0
2437361084|0
2447876295|0
2449886625|0
2533389626|0
2597766090|0
2629520834|0
2669779471|2
2746665624|0
2754887003|0
2799179783|0
2825007345|0
2857866186|1
2896578770|0
2903104568|0
2906785443|0
2910771646|9
2910952404|0
2923422965|0
2967970626|0
2992053309|0
3086273733|0
3178498265|0
3198562116|0
3232130263|0
3272114124|0
3285262745|0
3331329295|0
3355162613|0
3458963727|0
3482831186|0
3496669647|0
3500953792|0
3511946757|0
3523499140|0
3523638231|0
3558630161|0
320653677|0
332925679|0
337743194|0
475298657|0
743567645|0
774135253|0
1195942877|0
1211103931|0
1312319019|0
1420023801|0
1452646847|0
1611054148|0
1637259606|0
1660776847|0
2072004281|0
2160341550|0
2380795571|2
2402807562|0
2454417550|0
2497683621|0
2536419731|0
2543029566|2
2557160251|0
2583464117|0
2621288261|0
2673077948|0
2684645558|0
2701252663|0
2755078459|0
2772688041|0
2817632849|0
2843317507|0
2965744436|0
3072731728|0
3094752886|0
3152516705|0
3240703088|0
3435897707|0
3508276695|0
3516840276|0
332476217|0
1304024179|0
2461366016|0
2493305715|0
2583942072|0
3062281163|0
458110074|0
859841629|0
941768945|0
975144101|0
1070451953|0
1143723658|0
1217482240|0
1276015497|0
1308966211|0
1411251437|0
1773138595|0
1879494221|0
2049451638|0
2191980871|0
2224128489|0
2284279304|0
2306189648|0
2307345993|0
2500132294|0
2524935910|0
2578899549|0
2639978980|0
2720325586|0
2730057537|0
2834072148|0
2854196306|0
2906076305|0
3041219129|0
3113648494|0
3122972571|0
3122973376|0
3167732390|0
3176967010|0
3245836376|0
3382166290|0
3477315852|0
3510217977|0
114590541|0
327658065|0
350768659|0
375854110|0
378269786|0
421132587|0
450118815|0
466409256|0
502064965|0
519263854|0
532098456|0
591548979|0
592683801|0
595153596|0
643506762|0
657116179|0
811426275|0
838996641|0
853644397|0
864293703|0
939390353|0
1085289290|0
1176352415|0
1186792470|0
1282420197|0
1306874203|0
1329653603|0
1358074089|0
1449865005|0
1529208781|0
1759027538|0
1796414061|0
1922579599|0
2265111235|0
2381204218|0
2502629688|0
2568254637|0
2786960502|0
2820375975|0
2849991793|0
2892158319|0
2903351997|0
3101268119|0
3211779702|0
3246341883|0
3354405250|0
3518093794|0
166773919|0
319894027|0
1145594105|0
1327684182|0
1401549648|0
1484366214|0
1534298813|0
1733079968|0
1790395973|0
1930795466|0
2136738571|0
2146187243|0
2164814743|0
2191783530|0
2378316510|0
2718606970|0
2741584423|0
2982867503|0
3012311659|0
3160677574|0
3274677142|0
3352177674|0
3443148274|0
3452763903|0
3484434095|0
9547928|0
9797829|0
487299732|0
807131829|0
978053143|0
1026169713|0
1046848475|0
1143438152|0
1363150699|0
1423706318|0
1483836326|0
1737807017|0
2093787087|0
2162517804|0
2321752664|0
2356480379|0
2587383478|0
2664501686|0
2700239972|0
2869450996|0
2898933881|0
3227761550|0
3243540178|0
3325647552|0
3350665771|0
574595476|0
844607351|0
1536344497|0
1598834187|0
1740415899|0
1780047368|0
2170608264|0
2172557017|0
2457752720|0
2493365768|0
2646209945|0
2802954223|0
2842568109|0
3123512991|0
3160263273|0
3199564160|0
3201269199|0
3220405897|0
3259346220|0
3263367742|0
3319500784|0
3413261812|0
3501990943|0
653778246|0
903677310|0
1006273747|0
1361500869|0
1610288530|0
2016715278|0
2725753967|0
2826792560|0
2906924764|0
3029813974|0
3033527440|0
3366404655|0
108539952|0
281882546|0
287303639|0
460631669|0
473021844|0
641547198|0
764904206|0
768087246|0
928827244|0
947308576|0
1009241325|0
1055261398|0
1072439593|0
1106819164|0
1136957513|0
1154374575|0
1283819796|0
1321252338|0
1431888325|0
1448683061|0
1465217986|0
1470704742|0
1523014587|0
1598982957|0
1744475813|0
1936774231|0
2030633598|0
2066396808|0
2102421135|0
2119506812|0
2214610445|0
2270037192|0
2326014110|0
2425230343|0
2542775315|0
2589580658|0
2590110869|0
2590976014|0
2784708842|0
2837356544|0
2960705724|0
3037529505|0
3077673648|0
3143995609|0
3179446212|0
3179747356|0
3195407854|0
3294717556|0
3362176396|0
3416886934|0
94143190|0
282140134|0
350818051|0
364511920|0
491425202|0
510801262|0
569245097|0
574901737|0
592328666|0
646156473|0
707531755|0
756974904|0
798307901|0
824124241|0
835150372|0
853291772|0
878127576|0
962274275|0
974511474|0
1033725799|0
1055472567|0
1073366319|0
1143506707|0
1182168396|0
1229419384|0
1243710429|0
1250903253|0
1306560721|0
1503160246|0
1564908812|0
1593581683|0
1633098790|0
1666957453|0
1669368757|0
1684683353|0
1731999183|0
1782946657|0
1826878601|0
1831106739|0
1852904779|0
1910446338|0
1985790193|0
2037671033|0
2061780527|0
2109968627|0
2138395147|0
2164724769|0
2178492206|0
2186215343|0
2239578188|0
2249127574|0
2286700178|0
2308029357|0
2432911785|0
2490143758|0
2509769730|0
2544966193|0
2551498949|0
2602678263|0
2630228139|0
2660296801|0
2780737506|0
2781629971|0
2785527013|0
2810995676|0
2861143460|0
2862023434|0
2912826933|1
2941163239|0
2965878672|0
3084223279|0
3099721173|0
3111303457|0
3116879499|0
3124511256|40
3167843489|0
3212197669|0
3253413228|0
3337635760|0
3411732145|0
3441293527|0
3499286601|0
3519898650|0
5366408|0
19562883|0
108876804|0
153194068|0
168981801|0
241073514|0
243177311|0
256772475|0
285252853|0
298735539|0
304125871|0
379773269|0
386875576|0
434213470|0
449535907|0
545305273|0
599509769|0
645379326|0
663561437|0
743924445|0
760440356|0
793489551|0
835704645|0
839084480|0
844682746|0
844886383|0
862435497|0
862844839|0
879938842|0
921092477|0
926498379|0
928265807|0
958503616|0
971312617|0
977243257|0
979811512|0
1004438044|0
1091222465|0
1091726210|0
1094160037|0
1106857233|0
1124769998|0
1140624607|0
1164915825|0
1219270682|0
1246449110|0
1249211308|0
1255407575|0
1255413422|0
1260036088|0
1282782679|0
1297267441|0
1300796407|0
1306014226|0
1306342977|0
1351131254|0
1374195474|0
1395850904|0
1396755186|0
1412316192|0
1423236853|0
1423947514|0
1448068487|0
1493697085|0
1518456256|0
1534227383|0
1549854739|0
1572584373|0
1576769217|0
1605192978|0
1606384573|0
1624335189|0
1656246561|0
1668260971|0
1668985573|0
1695206695|0
1723581713|0
1728523301|0
1737587816|0
1745386017|0
1770593947|0
1774294766|0
1783693560|0
1806700608|0
1845319495|0
1847245683|0
1849924995|0
1850768757|0
1870250452|0
1876007802|0
1920051115|0
1937420927|0
1943343763|0
1951539650|0
1954925693|0
1954979219|0
1970007339|0
1970242132|0
1978506064|0
2022917156|0
2041986591|0
2048356471|0
2072710645|0
2074555867|0
2105073507|0
2116778913|0
2147678740|0
2150295083|0
2157980264|0
2206237102|0
2215034610|0
2241865729|0
2274776601|0
2292950324|0
2293304481|0
2302764843|0
2316152189|0
2321373173|0
2352917366|0
2380315099|0
2385345330|0
2389417889|0
2391486985|0
2398096218|0
2453622160|0
2472670190|0
2481371160|0
2489219408|0
2503516955|0
2507129370|0
2542477831|0
2551033639|0
2564450939|0
2574408298|0
2578051055|0
2592694180|0
2672874962|0
2680451271|0
2689307691|0
2714824033|0
2718750360|0
2739884828|0
2741073302|0
2743673378|0
2758083921|0
2758793852|0
2765142875|0
2782427821|0
2799441464|0
2807828066|0
2816408071|0
2841265773|0
2917762800|0
2918924816|0
2926291634|0
2959509781|0
2961552703|0
2963630035|0
2968641099|0
2971948357|0
3023593128|0
3028857732|0
3031585881|0
3056792513|0
3067802302|0
3068865814|0
3071848276|0
3078965287|0
3079597989|0
3093076120|0
3099735907|13
3101879748|0
3124612828|0
3133822569|0
3170276185|0
3179246915|0
3188209674|0
3214688990|0
3248053664|0
3301819692|0
3308297802|0
3308607634|0
3321554327|0
3334373989|0
3340533699|0
3358978838|0
3396768270|0
3413600774|0
3425747008|0
3440544986|0
3457518403|0
3478814934|0
3484965423|0
3502936509|0
3506714620|0
3564434138|0
3579965867|0
3584327392|0
86364000|0
190010985|0
232104202|0
303980321|0
447573659|0
540461931|0
714070021|0
781129164|0
806690579|0
827129851|0
908645721|0
937282433|0
942541736|0
1027923654|0
1030500524|0
1065084147|0
1098426019|0
1106072034|0
1158958446|0
1178054798|0
1204282371|0
1308753918|0
1315580723|0
1329023746|0
1371985077|0
1391224794|0
1397647660|0
1397773413|0
1419463276|0
1431412744|0
1461796944|0
1483564682|0
1491525314|0
1516341528|0
1607293784|0
1643294715|0
1647669571|0
1657759509|0
1817731457|0
1831946924|0
1844306554|2
2023035102|0
2049147904|0
2053992787|0
2261639826|0
2270476403|0
2437650229|0
2497724390|0
2513310354|0
2640088467|0
2689731351|0
2736427979|0
2791177634|0
2893151576|0
2905087383|0
2953207368|0
2977300298|0
2983391271|0
3062537914|0
3095575321|0
3205029569|0
3289201032|0
3352447635|0
3473200060|0
3561450685|0
1514489182|0
1590056307|0
1822552082|0
2681463519|0
2897206725|0
3214983904|0
3275897870|0
3468005323|0
3517225424|0
3880959|0
4236803|0
179772038|0
201649995|0
264259492|0
269739784|0
341544243|0
346929084|0
396222735|0
403564868|0
466396870|0
532792742|0
603533486|0
653776942|0
692838307|0
737463692|0
760146673|0
778847905|0
778991579|0
799436142|0
854455314|0
861370271|0
863122848|0
879334800|0
940242590|0
942026217|0
969841064|0
1015385895|0
1018079892|0
1019603994|0
1027039538|0
1060538469|0
1090173180|0
1095619926|0
1096528552|0
1134599138|0
1223345907|0
1226955095|0
1240364119|0
1270273938|0
1272987218|0
1273863419|0
1280149358|0
1302867661|0
1326378745|0
1328049284|0
1343786759|0
1365005152|0
1406649645|0
1419803976|0
1450154599|0
1501528883|0
1523501047|0
1575951727|0
1587801676|0
1624916989|0
1642926009|0
1655203848|0
1658486248|0
1664570489|0
1700456891|0
1726824450|0
1743389004|0
1752802470|0
1768070881|0
1781325508|0
1815227017|0
1822112975|0
1847268914|0
1876458640|0
1909428907|0
1913024248|0
1921025087|0
1922659870|0
1936174195|0
1939553236|0
1940425194|0
1950034427|0
1956839004|0
1957995326|0
1976589495|0
2022831082|0
2048751091|0
2062395628|0
2089153279|0
2094696831|0
2095093812|0
2104335727|0
2122501795|0
2138233714|0
2144821057|0
2157685057|0
2169347934|0
2237357977|0
2238021369|0
2246270867|0
2300172261|0
2312463563|0
2318668143|0
2339226819|0
2358895584|0
2373965856|0
2377338312|0
2383611804|0
2427083800|0
2431196536|0
2447543848|0
2463841643|0
2467175420|0
2488296757|0
2510358068|0
2529580692|0
2535579215|0
2549679527|0
2572054879|0
2586603927|0
2603287451|0
2624956367|0
2668619041|0
2690746814|0
2705970374|0
2720624611|0
2726802016|0
2728948759|0
2730043336|0
2737065144|0
2738172564|0
2739445766|0
2754959347|0
2756940268|0
2777388374|0
2797383136|0
2812829622|0
2822903911|0
2826995067|0
2829692531|0
2845888388|0
2874343734|0
2899638414|0
2936187377|0
2951994761|0
2956123861|0
2966574565|0
2969127231|0
3028947147|0
3046517930|0
3072067177|0
3107406151|0
3115855069|0
3137485347|0
3146585434|0
3152338389|0
3179271826|0
3179565618|0
3180058426|0
3182760769|0
3184681451|0
3199975317|0
3210261324|0
3233576481|0
3235735519|0
3238526588|0
3253369458|0
3265683975|0
3272446361|0
3282027263|0
3289723562|0
3295467186|0
3302861920|0
3309644187|0
3324508010|0
3342528397|0
3343094048|0
3356047229|0
3368757609|0
3383918774|0
3389605302|0
3396191286|0
3407949446|0
3415410791|0
3422951589|0
3429015850|0
3465533945|0
3476035398|0
3477048704|0
3478488248|0
3494610873|0
3498035354|0
3503962087|0
3512205037|0
3514588484|0
3516881599|0
3528033272|0
3532954937|0
3541551821|0
3543281400|0
3546718582|0
3550473737|0
3592230239|0
3607864335|0
3619536204|0
3621696869|0
3623864946|0
3624463911|0
482708240|0
645961171|0
693380249|0
847045065|0
1067973454|0
1069998022|0
1208067281|0
1219014923|0
1247063837|0
1256397300|0
1411784132|0
1442284325|0
1540951180|0
1593206774|0
1598587699|0
1640266113|0
1737816721|1
1908871441|0
2140183691|0
2145901254|0
2174285171|0
2194987542|0
2212115298|0
2219886147|0
2231408500|0
2243979246|0
2279564346|0
2308501162|0
2327389405|0
2404186808|0
2422829303|0
2423960324|0
2436911721|0
2541405086|0
2638017701|0
2710774157|0
2715874447|0
2776833918|4
2784643872|0
2794157043|0
2900878934|0
2903378156|0
2907328618|0
3033574731|0
3040692484|0
3176396935|0
3194172396|0
3207699763|0
3228585747|0
3240987239|0
3314228645|0
3343308692|0
3423353287|0
3446348307|0
3470348574|0
3475357807|0
3524588814|0
161193541|0
203966857|0
245877875|0
332195127|0
350238440|0
353739529|0
370125026|0
395336071|0
425780038|0
443769553|0
466605464|0
496873814|0
535712178|0
542775364|0
544752919|0
553966247|0
573237307|0
582361387|0
619658802|0
653267280|0
673682382|0
709049955|0
729855663|0
745296387|0
745537923|0
756783368|0
758779057|0
764503254|0
765006481|0
791747828|0
820257099|0
821633203|0
864109233|0
874638457|0
874807208|0
876170674|0
893027271|0
904846852|0
915775900|0
931848627|0
946469641|0
953651929|0
1044498804|0
1049326282|0
1056625872|0
1057324166|0
1059022770|0
1067148307|12
1073929199|0
1091392621|0
1094098329|0
1095472744|0
1121742956|0
1123846448|0
1130176715|0
1161237934|0
1161806611|0
1181591895|0
1184862727|0
1194024268|0
1209739873|0
1216627989|0
1226877922|0
1239080280|0
1240486902|0
1256522487|0
1259305895|0
1270747417|0
1280409401|0
1302203587|0
1327691827|0
1341404801|0
1359388452|0
1369918936|0
1393635393|0
1394028832|0
1398645615|0
1400138271|0
1404530151|0
1413064490|0
1445443520|0
1473422559|0
1487628485|0
1502780476|0
1505455506|0
1508076787|0
1509471457|0
1528912427|0
1530656744|0
1534835971|0
1535554706|0
1537835647|0
1545438945|0
1572991784|0
1595689153|0
1600131743|0
1602318602|0
1603279318|0
1603578798|0
1605275764|0
1634349775|0
1634564989|0
1651660496|0
1652149155|0
1685413940|0
1690761384|0
1695717503|0
1697124339|0
1697912371|0
1725381339|0
1742967680|0
1756928437|0
1769161052|0
1795712337|0
1823895694|0
1834029510|0
1840068946|0
1844680918|0
1850948212|0
1903374273|0
1910698315|0
1911331206|0
1939043473|0
1940936473|0
1956184132|0
1968217379|0
1969993295|0
1975006833|0
1982436057|0
1990488673|0
2015779713|0
2029419483|0
2042711984|0
2045921576|0
2057306571|0
2057399866|0
2060527072|0
2089695215|0
2094567454|0
2105212346|0
2107470359|0
2113655216|0
2134516178|0
2145926085|0
2155922398|0
2179264177|0
2183402451|0
2184945853|0
2207975749|0
2221145140|0
2228334756|0
2270478613|0
2276435245|0
2278345591|0
2282394077|0
2296414889|0
2315731211|0
2320127625|0
2326333793|0
2338457517|0
2432079440|0
2433526650|0
2442788995|0
2448007525|0
2450508964|0
2479682637|0
2480323142|0
2494263755|0
2499357793|0
2503389285|0
2513238596|0
2514531471|0
2528305172|0
2530644950|0
2556168478|0
2642489064|0
2645883168|0
2649334517|0
2660140772|0
2661509598|0
2686887472|0
2695268969|0
2696977910|0
2698953815|0
2700842527|0
2719628194|0
2738457229|0
2743677025|0
2750544376|0
2769065934|0
2769967147|0
2784204995|0
2819674228|0
2823107458|0
2835098794|0
2835812994|0
2871355701|0
2879994957|0
2911335632|0
2952849561|0
2964820658|0
2973132577|0
2974991172|0
2991873511|0
3004090720|0
3026989226|0
3035667907|0
3064922174|0
3070728417|0
3080014072|0
3082318110|0
3093970063|0
3104696295|0
3112983654|0
3127208909|0
3129707496|0
3131614427|0
3138238606|0
3151729443|0
3154647166|0
3157763563|0
3160704251|0
3161294682|0
3168751741|0
3177377680|0
3221204940|0
3224239223|0
3232068033|0
3251276258|0
3264731244|0
3348017644|0
3384084200|0
3411474016|0
3439657034|0
3453705508|0
3467765014|0
3523962657|0
3572982716|0
3623057589|0
11539570|0
57186414|0
157195886|0
230551669|0
234289120|0
260318194|0
285710497|0
343293590|0
350464154|0
351137221|0
353678967|0
358799572|0
375153354|0
375913537|0
381619303|0
394152176|0
395116219|0
405252512|0
418161552|0
451237803|0
465096674|0
480026241|0
483657508|0
489088874|0
514694285|0
519720057|0
540696810|0
574811932|0
583482199|0
617008817|0
664246970|0
672461014|0
672671206|0
690138533|0
714487945|0
714517342|0
715366099|0
738722498|0
739969049|0
741598211|0
748769078|0
752615825|0
758725064|0
764067483|0
815711484|0
821850294|0
847457958|0
853220399|0
862262870|0
869132934|0
870257084|0
898280173|0
904602546|0
911051384|0
929713040|0
935878298|0
937440752|0
940115106|0
951622351|0
953525377|0
957053773|0
962853563|0
974682437|0
986062160|0
997706297|0
1015512740|0
1016857137|0
1025408974|0
1027409107|0
1029948782|0
1036802599|0
1037222319|0
1065078786|0
1065613203|0
1074489686|0
1093549234|0
1101640192|0
1106208355|0
1119357346|0
1123503228|0
1130162688|0
1142095192|0
1159265981|0
1163105473|0
1175697327|0
1179592537|0
1191500027|0
1192200850|0
1198075627|0
1229614234|0
1249065241|0
1253311250|0
1256467429|0
1258916827|0
1265858903|0
1278524209|0
1286830381|0
1287430113|0
1291730151|0
1296388295|0
1297247645|0
1315020275|0
1315049028|0
1315432714|0
1320708140|0
1327863913|0
1332891849|0
1336460413|0
1344685056|0
1356899366|0
1375805769|0
1378115767|0
1401347712|0
1401980041|0
1428849873|0
1432460014|0
1443260460|0
1450048055|0
1478703489|0
1483503852|0
1491545489|0
1492236229|0
1497707429|0
1511775495|0
1517897721|0
1520929207|0
1538696991|0
1539425605|0
1540265645|0
1554623349|0
1557251999|0
1558957277|0
1559356185|0
1572659668|0
1582325100|0
1603883342|0
1604202465|0
1608125719|0
1615016963|0
1617452897|0
1638201215|0
1651398853|0
1656757314|0
1658853459|0
1713123737|0
1731472351|0
1752923166|0
1760894057|0
1778949313|0
1789320090|0
1794156321|0
1832557427|0
1841968036|0
1853441632|0
1908313462|0
1909575886|0
1922008484|0
1925810251|0
1933066215|0
1934497184|0
1938698050|0
1940853193|0
1946023440|0
1953016641|0
1958630006|0
1969843343|0
1971171418|0
1978608011|0
2018127800|0
2042483221|0
2043477632|0
2069635261|0
2080106447|0
2088311896|0
2095937995|0
2103095563|0
2104588960|0
2111738046|0
2115895761|0
2119503066|0
2125844166|0
2132114026|0
2136525684|0
2142678322|0
2143982256|0
2149615065|0
2149643026|0
2170595031|0
2179428295|0
2189361499|0
2205820216|0
2212075946|0
2216709859|0
2231973486|0
2239497245|0
2242757568|0
2257841675|0
2261162674|0
2262853447|0
2267194361|0
2272999688|0
2281740212|0
2295596800|0
2315627620|0
2323307439|0
2323338165|0
2353323993|0
2356315718|0
2365844344|0
2368248355|0
2390867849|0
2396593314|0
2401945697|0
2405104620|0
2405886305|0
2437537414|0
2443194159|0
2448407946|0
2463493746|0
2477285306|0
2497862427|0
2507695978|0
2539018016|0
2541590197|0
2541912449|0
2545442955|0
2549651534|0
2564381740|0
2572043342|0
2574253058|0
2574968380|0
2583719498|0
2603072018|0
2634182116|0
2635002534|0
2636582706|0
2643321799|0
2648119166|0
2659180795|0
2671483447|0
2674104987|0
2674169399|0
2700916201|0
2711602607|0
2726411055|0
2737521351|0
2767152059|0
2767749293|0
2769106998|0
2769183897|0
2775259409|0
2779842354|0
2784807106|0
2814443832|0
2820276423|0
2821426449|0
2821957231|0
2822605315|0
2830159582|0
2830547632|0
2834859173|0
2835541745|0
2841862123|0
2842339404|0
2844024959|0
2852880322|0
2855045624|0
2862587583|0
2864982019|0
2870160549|0
2900393637|0
2926264329|0
2927442094|0
2928621464|0
2929014497|0
2932532416|0
2937953447|0
2938640165|0
2956604410|0
2963269413|0
2981984254|0
2982782250|0
2986768369|0
3013478497|0
3013715707|0
3014216796|0
3022280752|0
3030397365|0
3031451981|0
3041057134|0
3047330446|0
3056482627|0
3057216101|0
3057518724|0
3060774806|0
3069115986|0
3074423215|0
3079952605|0
3082378779|0
3095653415|0
3099216282|0
3102193026|0
3130959961|0
3138468825|0
3158743665|0
3191898342|0
3195326758|0
3201822847|0
3214262065|0
3217427154|0
3227067871|0
3229349442|0
3233641557|0
3288503422|0
3301549276|0
3302630394|0
3321945937|0
3330462787|0
3338026534|0
3341919974|0
3346095032|0
3351536720|0
3359819209|0
3371834738|0
3372282581|0
3373316637|0
3375054630|0
3379388893|0
3383265753|0
3393001763|0
3396459928|0
3460677311|0
3470605080|0
3473792364|0
3490704591|0
3490982662|0
3496672410|0
3498902836|0
3502893353|0
3504338335|0
3505608721|0
3535462401|0
3545046426|0
3552314737|0
3558006197|0
3575308416|0
3584347171|0
3590714043|0
3601787201|0
3611954170|0
158171932|0
183811386|0
184563615|0
189966676|0
235690891|0
243171492|0
254180816|0
280117829|0
281836184|0
308400164|0
315090819|0
317462389|0
386289445|0
390617048|0
413978972|0
447519326|0
451521509|0
462874494|0
471996501|0
476977840|0
514837718|0
552322544|0
592687699|0
602769958|0
619990855|0
623407783|0
710887950|0
737356589|0
740379056|0
759171986|0
776859514|0
778066896|0
783563339|0
785457807|0
858211576|0
878078980|0
894095401|0
896209893|0
897601214|0
905854215|0
914145829|0
915729748|0
931210975|0
932609336|0
934510416|0
935901255|0
965578762|0
973397775|0
978673199|0
983727294|0
994321345|0
1012277613|0
1019096322|0
1019141437|0
1022634774|0
1023292879|0
1026854015|1
1034353178|0
1055022086|0
1064687807|0
1132180468|0
1151634884|0
1159598648|0
1160169068|2
1161216823|0
1176003684|0
1178960332|0
1184498624|0
1185783187|0
1193134669|0
1204013398|0
1228947665|0
1243142621|0
1243435672|0
1247144989|0
1248622560|0
1251913684|0
1278762935|0
1281875545|0
1284609238|0
1299357375|0
1310144530|0
1312279385|0
1317193258|0
1327438750|0
1349498945|0
1355546499|0
1357046222|0
1360651057|0
1370432370|0
1371635049|0
1376055417|0
1416284591|0
1440251889|0
1446037850|0
1457129578|0
1464370428|0
1474118961|0
1482138752|0
1482960729|0
1484189043|0
1487260304|0
1498648330|0
1507518843|0
1510265998|0
1511530749|0
1513719715|0
1520373484|0
1535023540|0
1536087039|0
1551379301|0
1551586174|0
1582805856|0
1592231393|0
1592890856|0
1595641347|0
1600630459|0
1605443605|0
1611608200|0
1623778355|0
1635891554|0
1640130806|0
1642178465|0
1652344746|0
1653906423|0
1664490977|0
1683350433|0
1715418559|0
1719877612|0
1720850047|0
1731430477|0
1742499621|0
1746180255|0
1782801832|0
1791022656|0
1791593283|0
1797358452|0
1802058996|0
1803242934|0
1805651707|0
1822639249|0
1903018051|0
1905732994|0
1905926866|0
1910547126|0
1921712429|0
1940711728|0
1952380632|0
1972653677|0
1973087798|0
1977580171|0
1987301552|1
2019595921|0
2022483254|0
2031840294|0
2032685357|0
2044119352|0
2073298471|0
2080576236|0
2095698771|0
2103289650|0
2104782504|0
2127443693|0
2128598502|0
2129491322|0
2160373449|0
2173560690|0
2181277586|0
2185144736|0
2193710340|0
2197314812|0
2205544074|0
2215389886|0
2226940384|0
2238382664|0
2248825062|0
2283019917|0
2352680920|0
2361907991|0
2386694146|0
2402524713|0
2407454217|0
2411040547|0
2428029588|0
2434596022|0
2451122432|0
2452931703|0
2453292994|0
2455447967|0
2466033921|0
2471794001|0
2472841446|0
2488568846|0
2494608968|0
2503046752|0
2536374818|0
2558445399|0
2558813518|0
2565239353|0
2573799875|0
2578589626|0
2581518925|0
2581524721|0
2581868984|0
2585947817|0
2603524609|0
2632846003|0
2637684454|0
2640271521|0
2642031509|0
2647106124|0
2655830757|0
2667315283|0
2672395451|0
2673083126|0
2717174138|0
2721817615|0
2721982352|0
2736158689|0
2736175090|0
2738924965|0
2740353279|0
2746920954|0
2753461803|0
2756460957|0
2757318769|0
2765291065|0
2806182415|0
2822235299|0
2838732153|0
2842710983|0
2854895676|0
2861996381|0
2870408490|0
2879090544|0
2897533897|0
2900342009|0
2908476638|0
2918679734|0
2941054125|0
2950487941|0
2960493179|0
2961026626|0
2969554486|0
2970365481|0
2978079422|0
3012393480|0
3021557409|0
3026437915|0
3035239143|0
3059567686|0
3081674012|0
3085180668|0
3095629701|0
3108215573|0
3109885573|0
3116575022|0
3120463871|0
3131287409|0
3160815988|0
3163341735|0
3168675474|0
3173958258|0
3174708736|0
3184587522|0
3189123988|0
3189702091|0
3209464759|0
3228583071|0
3229668482|0
3238878997|0
3260303091|0
3262228200|0
3263851036|0
3267174508|0
3286337347|0
3291886918|0
3307058010|0
3342197526|0
3354416187|0
3396853869|0
3436412624|0
3449885114|0
3453613471|0
3473930991|10
3495142465|0
3504528742|0
3507057673|0
3524311922|0
3525776920|0
3527183368|0
3529897669|0
3533298675|0
3535239490|0
3591023191|0
17817870|0
226192036|0
248035970|0
255788595|0
279089745|0
319865863|0
345275318|0
363196993|0
368451698|0
389905529|0
428744994|0
434278120|0
435961249|0
481418605|0
484015471|0
498631817|0
507391492|0
509084615|12
568922709|0
573953282|0
619248972|5
732612672|0
738219103|0
747126133|0
757519749|0
786883822|0
805136180|0
835848652|0
837955963|0
844494536|0
849754202|0
891186483|0
921494751|0
942968612|0
949537999|0
953614785|0
976065288|0
993419360|0
1009894063|0
1020223858|0
1029442738|0
1076224783|0
1078720592|0
1091085977|0
1114779373|0
1121425277|0
1146954817|0
1152170640|0
1162519478|0
1162756528|0
1170576640|0
1175520179|0
1192971372|0
1204648174|0
1209658253|0
1244707722|0
1245927780|0
1248117547|0
1272584922|0
1311208531|0
1325183547|0
1326965936|0
1354971935|0
1360025235|0
1369270170|0
1377687629|0
1391994574|0
1392050585|0
1397693293|0
1454499846|0
1457732303|0
1487157434|0
1487648015|0
1504646338|0
1532258495|0
1575067673|0
1577797653|0
1584086511|0
1600265150|0
1608197703|0
1608558457|0
1637806429|0
1658594592|0
1659894435|0
1666122913|0
1702784082|0
1705825979|0
1710013069|0
1718649579|0
1718744903|0
1730693895|0
1738481545|0
1739497227|0
1742081615|0
1742626404|0
1746416165|0
1749211230|2
1753582004|0
1755899958|0
1759496672|0
1783288796|0
1798796443|0
1811674699|0
1814883843|0
1870420366|0
1874769820|0
1901974832|0
1908926988|0
1909360729|0
1960576610|0
1973549808|0
1978724027|0
2010716957|0
2020806164|0
2022519061|0
2026714235|0
2027621832|0
2037752296|0
2037835783|0
2055135292|0
2066542774|0
2067871079|0
2072087930|0
2077769035|0
2083803446|0
2110641609|0
2120916485|0
2142893824|0
2149172558|0
2163048481|0
2167505537|0
2186467914|0
2188308670|0
2188903479|0
2191851194|0
2197781653|0
2212034062|0
2215275288|0
2244369330|0
2260527316|0
2264301303|0
2271344759|0
2276419756|0
2303170232|0
2315374823|0
2324163217|0
2330306368|0
2376768641|0
2404273402|0
2408181929|0
2408669560|0
2411489156|0
2425818649|0
2440409947|0
2449920636|0
2455628865|0
2460779740|0
2461613679|0
2473335811|0
2479410643|0
2483002253|0
2522908726|0
2544239741|0
2550419446|0
2556246367|0
2558856517|0
2559228781|0
2560477762|0
2577259956|0
2580107696|0
2624605532|0
2627199899|0
2631269821|0
2634751189|0
2636476162|0
2644336328|0
2647640256|0
2650101709|0
2651190796|0
2660837864|0
2675215403|0
2678916240|0
2696014855|0
2706715130|0
2718566125|0
2718765908|0
2720048004|0
2728225046|0
2733427371|0
2733730791|0
2750789904|0
2753152330|0
2754764649|0
2788601840|0
2801180098|0
2801219394|0
2801810635|0
2817757988|0
2823104300|0
2827122307|0
2837621643|0
2844790368|0
2857789316|0
2877926650|0
2900134746|0
2920639264|0
2923932824|0
2938679638|0
2944197986|0
2948306536|0
2950891316|0
2954214251|0
2956487944|0
2957515140|0
2960740316|0
2962889945|0
2969059347|0
2971533238|1
2975742596|0
2978883185|0
2992156011|0
2992387566|0
3020859132|0
3036789036|0
3040620855|0
3045125076|0
3072733120|0
3084154121|0
3089620636|0
3098238258|0
3105431504|0
3111517993|2
3111524479|0
3126204079|0
3130521248|0
3143507884|0
3153881793|0
3159847419|0
3168471642|0
3171023361|0
3177428486|0
3182357078|0
3198646929|0
3202842092|0
3206831904|0
3210628172|0
3225024410|0
3237762820|0
3244654628|0
3245306080|0
3246416803|0
3248193492|0
3252843644|0
3256520291|0
3268581252|0
3270359342|0
3275965994|0
3280008968|0
3287916400|0
3294087263|0
3295273768|0
3296889981|0
3296986474|4
3309630262|0
3311282436|0
3326857735|0
3342248588|0
3346995404|0
3355737868|0
3356382125|0
3362894139|0
3369293960|0
3394558136|0
3402024921|0
3415995095|0
3424557839|0
3444363380|0
3452074758|0
3457084113|0
3474602884|0
3476607894|0
3480850889|0
3482365402|0
3484174339|0
3492442216|0
3500303754|0
3500335131|0
3501827985|0
3514605621|0
3515699783|0
3516745473|0
3526134637|0
3526883473|0
3539047996|0
3542808778|0
3554155099|0
3578635241|0
3580246918|0
3608573128|0
3620492911|0
202295558|0
214399107|0
350245766|0
513794647|0
739477825|0
755929399|0
924734010|0
953125906|0
956991462|0
1021718703|0
1178340017|0
1191297936|0
1229388236|0
1253407103|0
1334154577|0
1491121015|0
1538644309|3
1581347674|4
1803710142|0
1808903730|0
1921306102|0
1972207029|23
1990766870|0
2072009684|2
2108850569|1
2109029272|0
2189278037|0
2411545777|0
2422805026|0
2569323348|0
2752556671|0
2771502942|2
2815931620|0
3031079983|0
3044138681|0
3177833793|0
3188385414|0
3354146947|0
3409686659|0
462481723|0
492289532|0
573146398|0
1205323442|0
1270442843|0
1844217288|0
2067089867|0
2262108907|0
2383499197|0
3053159006|0
3094718689|0
3191628463|0
3501790248|0
1468243864|4
605540904|0
825227092|0
907857905|0
958579424|0
1148179084|0
1248441435|0
1299095340|0
1713656610|0
1766601494|0
2056826840|0
2290483907|0
2357998175|0
2431621140|0
2453780426|0
2569152806|0
2665456701|0
2787572138|0
2858085717|0
2907689348|0
2975856042|0
3036130362|0
3098015893|0
3143803652|0
34615483|0
44608834|0
107677134|0
121773025|0
198372657|0
207043370|0
239986837|0
278568028|0
280641382|0
304302930|0
317622945|0
368425996|0
415778085|0
497900217|0
528025380|0
593763360|0
641878303|0
648233513|0
786223890|0
815311783|0
847142713|0
895028617|0
954312105|0
965523551|0
969213708|0
981427329|0
994380794|0
1015676231|0
1031162302|0
1042279396|0
1064028759|0
1077295950|0
1115465568|0
1142167698|0
1148153009|0
1187064463|0
1214107436|0
1253631829|0
1264706207|0
1303695827|0
1304220012|0
1325629707|0
1356588936|0
1402230598|0
1423735581|0
1425219149|0
1438207134|0
1441523731|0
1445361773|0
1446814033|0
1460382117|0
1491981784|0
1511194540|0
1535605954|0
1563085103|0
1570845508|0
1586107279|0
1714284791|0
1716853518|0
1737509667|0
1760432001|0
1774044694|0
1786035059|0
1825396105|0
1828331289|1
1939687536|0
1946511908|0
1956866965|0
1983003790|0
2017814925|0
2044542134|0
2054947263|0
2095420343|0
2099674694|0
2131275835|0
2141171083|0
2162792903|0
2173243795|0
2182768751|0
2191827349|0
2195515007|0
2213684975|0
2219801395|0
2226200119|0
2229061938|0
2238417935|0
2262608794|0
2275198921|0
2283345398|0
2401756975|0
2417057670|0
2423614755|0
2425804764|0
2454328526|0
2485998829|0
2488095972|0
2490178367|0
2501596860|0
2511905098|0
2514327805|0
2556372891|0
2577218417|0
2584874098|0
2595658439|0
2643167277|0
2670226651|0
2677159358|0
2679610466|0
2698436024|0
2714532477|0
2719304269|0
2750860283|0
2752338912|0
2759291303|0
2779634231|0
2786482801|0
2803758138|0
2810104544|0
2818956120|0
2832216002|0
2833204939|0
2837385221|0
2837534160|0
2838644022|0
2859438545|0
2863911649|0
2948121921|0
2953161147|0
2962720583|0
2963139019|0
2969285941|0
2976996216|0
2978761691|0
2984959493|0
3022652279|0
3026764728|0
3052952662|0
3061585314|0
3071257314|0
3077162338|0
3086155371|0
3086228057|0
3107580544|0
3108007696|0
3138314759|0
3140846452|0
3164570800|0
3168288503|0
3192751540|0
3223609728|0
3236794787|0
3237929536|0
3244869272|0
3255954336|0
3264813859|0
3288018206|0
3296688240|0
3302024386|0
3302756669|0
3330431782|0
3346429994|0
3374634917|0
3404622698|0
3421809553|0
3445966756|0
3446844545|0
3457275807|0
3464493547|0
3466529849|0
3490749727|0
3498257886|0
3512636225|0
3518879036|0
3534462150|0
3535045308|0
3590909297|0
3601240977|0
3602941238|0
3608468258|0
1751277620|0
2372794005|0
160506557|0
318708053|0
482400437|0
483597965|0
507928941|0
941279995|0
1028456998|0
1176490735|0
1457129583|0
1538173033|1
1543049666|0
1705372332|0
1774758694|0
1802771190|0
1809426137|0
1846722098|0
1878185639|0
1971140038|0
2172794385|0
2201434679|0
2270247281|0
2281080090|0
2320268714|0
2332444281|4
2363807924|0
2364824663|0
2370827832|0
2396015385|0
2425130002|0
2435528219|0
2464677903|0
2495762519|0
2506384410|0
2565430699|0
2578211694|0
2690454733|0
2963870757|0
2969381163|0
3101228699|0
3202851801|0
3205367052|0
3249046173|0
3428488119|0
3463036294|0
3474233682|0
3599225306|0
94296126|0
125561049|0
188359821|0
198554493|0
241812614|0
255379823|0
318726935|0
341512883|0
374947999|0
401629408|0
444093580|0
526937224|0
564729579|0
631547763|0
692860775|0
745334209|0
779414846|0
792323555|0
820892280|0
904319250|0
934965452|0
1015323636|0
1071488398|0
1072298423|0
1123883908|0
1135144504|0
1170353760|0
1173553612|0
1219485251|0
1228454116|2
1241596254|0
1259639739|0
1260262466|0
1263023427|0
1281590424|0
1289428799|0
1308762831|0
1328241773|0
1337985562|0
1339755022|0
1433939346|0
1469203055|0
1477355931|0
1513685402|0
1554876803|0
1554876845|0
1562257528|0
1565366889|0
1578748127|0
1593787426|0
1628575466|0
1632916788|0
1656857126|0
1683298443|0
1694017281|0
1702494615|0
1719428088|0
1729098140|0
1741326323|0
1746116696|0
1750433911|0
1795753679|0
1797532848|0
1813195468|0
1851811669|0
1907543910|0
1925911878|0
1930260789|0
1932730019|0
1935572720|0
1943810278|0
1955006295|0
1963742280|0
1971573535|0
2045723712|0
2070731401|0
2148602232|0
2153984224|0
2217460075|0
2247928676|0
2257669232|0
2259442054|0
2274395114|0
2291405981|0
2293291019|0
2293595678|0
2312748296|0
2314164183|0
2381055835|0
2383634221|0
2395445378|0
2407679441|0
2420965380|0
2463830399|0
2510426988|0
2515129094|0
2522569164|0
2529439891|0
2529586281|0
2545395348|0
2580674449|0
2601853909|0
2622234422|0
2640172408|0
2645751557|0
2653889748|0
2711169097|0
2755456712|0
2757364110|0
2767209203|0
2781332314|0
2782882597|0
2801909633|0
2869765295|0
2876224383|0
2902235237|0
2910188714|0
2923511313|0
2947338159|0
2962952929|0
2971317484|0
2981316865|0
2986346676|0
3020265324|0
3040643290|0
3074735687|1
3083866859|0
3091490891|0
3092057840|0
3110968158|0
3136038287|0
3136258576|0
3202159276|0
3211935434|0
3212443499|0
3226932661|0
3247842162|0
3294579068|0
3317695369|0
3330187512|0
3334669117|0
3365239644|0
3397448466|0
3401466519|0
3401887499|0
3414193065|0
3418307505|0
3419546767|0
3430131051|0
3441706327|0
3451325808|0
3461306166|0
3462418314|0
3488693421|0
3552495162|0
3589961441|0
3596199073|0
39125239|0
66201346|0
149795503|0
153071320|0
158963817|0
183029919|0
236303094|0
260766698|0
275674060|0
295947730|0
296943756|1
312135277|0
313230348|0
328265380|0
330253800|0
335053059|0
346665193|0
349846134|0
354133476|0
357965046|0
365949307|0
371078421|0
377806317|0
399405901|0
415551921|0
418056565|0
422019346|0
423340582|0
434568368|0
437696436|0
459693410|0
465183955|0
469958031|0
475786731|0
495110572|0
498151997|0
501938568|0
511960279|0
512537124|0
523256357|0
535689662|0
541196799|0
572129690|0
573932914|0
574547878|0
591747581|0
594747584|0
596549225|0
597892067|0
624245261|0
625731196|0
646223532|0
656278933|0
707765748|0
719022570|0
741103540|0
744894978|0
759340699|0
771372822|0
776408535|0
779328789|0
787143422|0
794411950|0
804377831|0
821048347|0
821212683|0
821640341|0
827018798|0
858745853|0
860109808|0
865989938|0
871943274|0
876909025|0
903251130|0
906008824|0
919390029|0
924564917|0
935744650|0
935943987|0
956697547|0
975628650|0
979530619|0
980066081|0
992720613|0
992966694|0
1004484861|0
1013940527|0
1015672537|0
1017221358|0
1017861550|0
1024457484|0
1027293865|0
1033028160|0
1043283926|0
1064213040|0
1073329319|0
1074106128|0
1074492665|0
1085291726|0
1098193597|0
1103417133|0
1103447121|0
1124745485|0
1136681173|0
1139784495|0
1149517610|0
1161917866|0
1163332707|0
1163521570|0
1175660597|0
1178027453|0
1179020757|0
1179163749|0
1187454180|0
1192344774|0
1192546235|0
1194969840|0
1211053685|0
1216953911|0
1220079525|0
1240919236|0
1261207692|0
1263767117|0
1285643848|0
1292023578|0
1299320357|0
1300401733|0
1301703727|0
1310718106|0
1329890918|0
1335997688|0
1346653245|0
1349352273|0
1350768615|0
1362463588|0
1421105492|0
1421396071|0
1434304487|0
1538190827|0
1539510882|0
1547907529|0
1570728100|0
1580376432|0
1592608126|0
1604772908|0
1609517229|0
1638241601|0
1657564561|0
1693663384|0
1697237482|0
1709064088|0
1712347735|0
1731685170|0
1739238903|0
1752708145|0
1762193578|0
1796449435|0
1799400911|0
1807904567|0
1834680158|0
1846273210|0
1905815657|0
1922265077|0
1935582265|0
1980076515|0
2024977971|0
2044715303|0
2093320349|0
2215806859|0
2224546887|0
2253616986|0
2311861971|0
2316324208|0
2323839137|0
2354604361|0
2392411547|0
2413586657|0
2437672981|0
2455195348|0
2470223398|0
2510950345|0
2522772793|0
2541029348|0
2627625695|0
2661143513|0
2671283602|0
2696767601|0
2732450458|0
2761766908|0
2817809162|0
2845789589|0
2900404243|0
2905491763|0
2921303608|0
2928905644|0
3055632731|0
3060706314|0
3072729575|0
3111784730|0
3193691627|0
3479758214|0
3578905870|0
13173135|0
23351807|0
43830477|0
53409006|0
97417583|0
103937600|0
151446881|21
168688124|0
194013254|0
205443098|0
241691425|0
291272154|0
309274416|0
381901978|0
386995278|0
392864501|0
393280925|0
421898145|0
457319796|0
459717446|0
472928574|0
481690237|0
481781252|0
483339179|0
488306507|0
489827124|0
497585893|0
530924346|0
545782718|0
550890604|0
599690433|0
610150208|0
627663092|0
631004778|0
635671252|0
647216263|0
652267389|0
691021215|0
705152392|0
764464588|0
773202095|0
782144346|0
798108040|0
804013113|0
805497026|0
823116138|0
843411549|0
849642599|0
851338426|0
854423700|0
893785038|0
919925234|0
936523299|0
947011389|0
947222717|0
1003942890|0
1023930113|0
1036491533|0
1045487695|0
1047273262|0
1053457097|0
1061185013|0
1064960680|0
1078307760|0
1079171154|0
1107628054|0
1109515926|0
1124892854|0
1127493076|0
1146487765|0
1154099605|0
1163867394|1
1165806458|0
1185561921|0
1215074758|0
1224192602|0
1226145024|0
1226939672|0
1243271394|0
1245229398|0
1248344052|0
1258178239|0
1258876123|0
1259387575|0
1260131152|0
1262704101|0
1272870430|0
1278930230|0
1281825989|0
1285745943|0
1293752999|0
1335389271|0
1342546169|0
1350035943|0
1356143433|0
1356704964|0
1366941129|0
1371243263|0
1394232566|0
1395212893|0
1441616092|0
1449685185|0
1463690044|0
1467934776|0
1472975918|0
1481643548|0
1491094821|0
1491222498|0
1499912041|0
1500634049|0
1508026977|0
1514335171|0
1516190862|0
1519601729|0
1546204193|0
1546940360|0
1554529083|0
1584005602|0
1592432699|0
1600807903|0
1603251594|0
1608462387|0
1611985803|0
1615034750|0
1619380299|0
1622916025|0
1635267204|0
1664255215|0
1696827385|0
1705557641|0
1711741825|0
1714384569|0
1714556123|0
1758211490|0
1759789639|0
1774884366|0
1780904106|0
1822975108|0
1826661737|0
1827169878|0
1832573706|0
1834061359|0
1839200597|0
1839332285|0
1843130540|0
1850071059|0
1879907992|0
1910635849|0
1913406040|0
1921039274|0
1931751722|0
1989166325|0
2011816879|0
2023885241|0
2027340110|0
2030732189|0
2046343980|0
2046385750|0
2046507102|0
2054323856|0
2057802594|0
2058137523|0
2064337230|0
2065265532|0
2090347935|0
2099305782|0
2110191478|0
2114305833|0
2117827379|0
2133981073|0
2142623315|0
2147656800|0
2162758733|0
2175670064|0
2187825408|0
2189321721|0
2190627676|0
2233056717|0
2248197504|0
2248573002|0
2251576542|0
2262495236|0
2275182739|0
2311214914|0
2319858354|0
2321148902|0
2352900459|0
2356730341|0
2357858413|0
2358181935|0
2359656093|0
2360865197|0
2362907318|0
2364992597|0
2365823140|0
2373498553|0
2374663516|0
2381007149|0
2398973296|0
2413449880|0
2437024186|0
2441498734|0
2453048843|0
2477517574|0
2494578868|0
2495258771|0
2503559325|0
2511541357|0
2542038641|0
2543352490|0
2550328086|0
2553216359|0
2558612241|0
2567127193|0
2569574984|0
2572523901|0
2576377562|0
2584159533|0
2589138902|0
2590715369|0
2605582469|0
2660286659|0
2660604416|0
2667023708|0
2675637779|0
2693981010|0
2708975915|0
2712059865|0
2720217929|0
2732568767|0
2746185484|0
2759550181|0
2760357921|0
2781317334|0
2825798379|0
2831420909|0
2834352328|0
2836539469|0
2839549186|0
2845251989|0
2846147029|0
2869701609|0
2895231759|0
2907674318|0
2929585163|0
2943221716|0
2948278756|0
2948994294|0
2949738831|0
2956236280|0
2963831906|0
2969079251|0
2972858791|0
2974207096|0
3021118002|0
3033715907|0
3035306773|0
3053144623|0
3054734171|0
3060402395|0
3097372756|0
3105789781|0
3125209217|0
3127495924|0
3138532788|0
3139135390|0
3148834179|0
3182252890|0
3183296357|0
3184628027|0
3199960100|0
3207053742|0
3218691635|0
3220570786|0
3235136719|0
3235658744|0
3241262741|0
3261065472|0
3273835256|0
3280227580|0
3281141731|0
3290805225|0
3295598430|0
3298909718|0
3311088060|0
3330872097|0
3341384417|0
3345295909|0
3356203873|0
3358917279|0
3372430341|0
3381215983|0
3384326066|0
3386843682|0
3387281870|0
3387307369|0
3393381515|0
3394885604|0
3401318148|0
3402878227|0
3403543707|0
3408979311|0
3424592700|0
3425200792|0
3435932170|0
3455381143|0
3459772093|0
3462746834|0
3471972616|0
3486544038|0
3489650003|0
3496538202|0
3507437069|0
3514479019|0
3515396213|0
3525488946|0
3535890171|0
3547789466|0
3564661687|0
3621662776|0
164511520|0
207422197|0
243137942|0
255349030|0
271831212|0
308261531|0
404754116|0
418190112|0
453971338|0
470095075|0
475430552|0
489535791|0
691009251|0
717593684|0
744041761|0
751417190|0
782804176|0
839494618|0
895102369|0
909726297|0
926086518|0
929777024|0
934186592|0
1026088945|0
1029598958|0
1043796984|0
1052016345|0
1056558850|0
1147637772|0
1219047262|0
1296139283|0
1304630699|0
1315105002|0
1390663125|0
1412126124|0
1417391607|0
1474696120|0
1481190744|0
1528138997|0
1540235780|0
1597117198|0
1634937822|0
1653689677|0
1669406482|0
1686632902|0
1690451937|0
1709977655|0
1715074704|0
1725825686|0
1730092593|0
1829287656|0
1844761773|0
1848711912|0
1853600757|0
1871558394|0
1939303458|0
2015630476|0
2077257676|0
2095335167|0
2182598061|0
2198641730|0
2215750164|0
2256826923|0
2375497529|0
2380968120|0
2419222013|0
2422213659|0
2437242110|0
2464527839|0
2515285100|0
2518927972|0
2532801854|0
2539992613|0
2556474017|0
2558778343|0
2625450006|0
2627310798|0
2627540896|0
2678365064|0
2714238906|0
2719298697|0
2735304709|0
2737787041|0
2738215452|0
2764375585|0
2804545357|0
2824809165|0
2833623037|0
2854196318|0
2854196324|0
2858014297|0
2879617377|0
2913440266|0
2914068405|0
2926196767|0
2947231837|0
2948469652|0
2963530592|0
2978533400|0
3035910893|0
3041212612|0
3048945267|0
3051526750|0
3082904469|0
3107550895|0
3131813264|0
3146933125|0
3151160776|0
3158510186|0
3185656882|0
3220270697|0
3243410155|0
3283843753|0
3307145169|0
3307636227|0
3395616451|0
3396295079|0
3414540788|0
3446744308|0
3451174995|0
3452263554|0
3461761390|0
3469527625|0
3501597282|0
3509554861|0
3514094511|0
3517171040|0
3521755972|0
3530023228|0
3559402188|0
3562438788|0
3572095105|0
3592004800|0
3612096643|0
990829527|0
1489465607|0
485185052|0
1508926275|0
1784827956|0
1791650669|0
2076594401|0
2125677033|0
2376370861|0
3085388841|0
189382729|0
237666775|0
454172734|0
596140080|0
735742741|0
852047388|0
908591498|0
995038460|0
1129439513|0
1196532005|0
1243395501|0
1248060720|0
1276019944|0
1325973356|0
1332555104|0
1375216211|0
1397588055|0
1429469747|0
1483278597|0
1493033673|0
1564725759|0
1614542933|0
1653957229|0
1660921938|0
1787588202|0
1813168786|0
1820791282|0
1908646979|0
1955635559|0
2143389034|0
2147780275|0
2274539337|0
2276657451|0
2418375773|0
2522909694|0
2533292221|0
2543145932|0
2819664155|0
2825390242|0
2837472453|0
2957931638|0
3034387372|0
3085416746|0
3113654844|0
3191542813|0
3380406353|0
3421437198|0
3499327487|0
552679636|0
761759528|0
794249312|0
1186912478|0
1530273409|0
1596074796|0
1748970979|0
2092534382|0
2361553188|0
3526901390|0
1013150643|0
1502692608|0
1944648614|0
3220539672|0
2016064477|0
2043044033|0
3043167702|0
313900740|1
547327985|0
737510814|0
295048450|0
672548911|0
1135932324|0
1316855643|0
1336519447|0
1471456022|0
1976146832|0
2236878538|0
2297821169|0
2312667626|0
2713705615|0
3249564949|0
3302017925|0
180143295|0
246513568|0
257556856|0
264629230|0
291616907|0
498672767|0
610689022|0
672319842|0
690804436|0
735622587|0
860877835|0
936641444|0
936937852|0
964909595|0
974394514|0
984376927|0
1066832868|0
1070175161|0
1182400490|0
1242757416|0
1245793953|0
1285721645|0
1348208052|0
1390751462|0
1463784082|0
1476558801|0
1512563981|0
1532408493|0
1615081699|0
1628554924|0
1662791579|0
1702316194|0
1729700790|0
1735017508|0
1750677574|0
1762010389|0
1798530046|0
1802526851|0
1817180017|2
1819687424|0
1828944463|0
1836486723|0
1840324191|0
1917229697|0
1921146291|0
1935732221|0
1939524981|0
1950323579|0
1982214017|0
1982652989|0
2025827699|0
2058170437|0
2090593516|0
2172289943|0
2172589995|0
2190867150|0
2213132116|0
2214380387|0
2263444208|0
2264985138|0
2321547672|0
2358576765|0
2421139808|0
2449612510|0
2478910868|0
2482574525|0
2513509850|0
2518145909|0
2521436384|0
2539970412|0
2550390185|0
2572394812|0
2572540564|0
2662966793|0
2680259318|0
2690093991|0
2796402688|0
2839458941|0
2894919969|0
2895191255|0
2942141334|0
2946901156|0
2997665677|0
3031265619|0
3033077203|0
3037740692|0
3042379421|15
3063117984|0
3077303537|0
3091136795|0
3099314010|0
3119439971|0
3131645844|0
3140653095|0
3141645311|0
3142782105|0
3142971926|0
3143633147|0
3202526281|0
3217625988|0
3219719255|0
3266197382|0
3317477532|0
3377903126|0
3379417614|0
3404732719|20
3439366467|0
3447556634|0
3449741372|0
3473535818|1
3495285816|0
3513839198|0
3534943652|0
3546933941|0
3554490069|0
3616951800|0
154663703|0
183280801|0
384581810|0
430308049|0
740046867|0
764925622|0
799608425|0
969695976|0
1025179974|0
1075640621|0
1120747688|5
1121673150|0
1215015109|0
1223080237|0
1245898230|0
1275753383|0
1447302400|0
1455936381|0
1525706872|0
2061867013|2
2104452321|0
2224239430|0
2439143473|0
2604356112|0
3415365873|0
3533264547|0
103968921|0
310594255|0
328949262|0
346762712|0
419718741|0
421635924|0
465152569|0
482251928|0
484149347|8
519044605|0
564215796|0
645501716|0
767600486|0
823295079|0
834254216|0
864706301|0
904821550|0
908428906|0
956138683|2
1051748401|0
1092982808|0
1103788891|0
1106860500|0
1192590943|0
1227474022|6
1228731785|0
1273560028|0
1282713460|0
1285004096|0
1293800163|0
1304002362|0
1309202628|1
1321368323|0
1371014953|0
1392883405|0
1419349181|0
1419457405|0
1436524592|0
1440720056|0
1532039862|0
1609922476|0
1713752875|0
1719569331|0
1721025593|0
1752396502|0
1904858212|0
2137738656|0
2217322445|0
2442188754|0
2514612912|0
2645467355|0
2658570738|0
2980502906|0
3076118982|0
3201074116|0
3448526612|0
1285688960|0
2159633417|0
2178117231|0
67337638|0
103305107|0
176374919|0
212154276|0
226182283|0
248966409|0
283274569|0
320715842|0
368137715|0
374985144|0
377167208|0
393621931|0
415277338|0
428541760|0
475204878|0
490332865|0
490756281|0
540292024|0
546814011|0
562102519|0
613746720|0
719724616|0
727014786|0
731544245|0
754981186|0
769700533|0
850703988|0
884921483|0
893783747|0
911398295|0
913821981|0
997863961|0
1010349211|0
1037584925|0
1056004972|0
1091733501|0
1095520291|0
1119474476|0
1131873530|0
1135974742|0
1158567089|0
1169192186|0
1194159462|0
1204802842|0
1206482672|0
1216778591|0
1220832294|0
1227756113|0
1256109954|0
1287468257|0
1317145059|0
1335752231|0
1353878448|0
1357249804|0
1365322772|0
1368174030|0
1370934180|0
1402383238|0
1410454816|0
1422898697|0
1442384932|0
1462277391|0
1483375132|0
1507637709|0
1524665410|0
1525503149|0
1535284988|0
1544485883|0
1546879710|0
1570714202|0
1595354198|0
1615169618|0
1628264355|0
1679899411|0
1712057655|0
1721606266|0
1722727210|0
1725433499|0
1751705984|0
1776313614|0
1776980988|0
1789974344|0
1790396032|0
1833649348|0
1835767677|0
1941574498|0
1948663356|0
1950498898|0
1954118585|0
1955349504|0
2022505367|0
2025728508|0
2027698241|0
2029285495|0
2061016683|0
2102945877|0
2107923398|0
2124676184|0
2141447105|0
2180129220|0
2182673967|0
2189319506|0
2205163905|0
2238341274|0
2247796585|0
2270795108|0
2294413206|0
2294463625|0
2295057487|0
2308866535|0
2315755498|0
2320631446|0
2326384195|0
2357118158|0
2366729885|0
2388737170|0
2397917096|0
2409771416|0
2414364536|0
2416732406|0
2419198141|0
2422907328|0
2426403432|0
2432037270|0
2439834902|0
2440335316|0
2465508347|0
2475236318|0
2487222122|0
2523118389|0
2531147654|0
2547503291|0
2562247424|0
2593200107|0
2604012320|0
2604171254|0
2635519240|0
2636128188|0
2641398818|0
2656026406|0
2661477294|0
2702580983|0
2713281269|0
2725772908|0
2742602873|0
2750433306|0
2756878718|0
2764162516|0
2774833203|0
2788396014|0
2794630472|0
2799196325|0
2834582601|0
2838000590|0
2842589457|0
2844198289|0
2873834504|0
2902797740|0
2930675656|0
2944715146|0
2948979504|0
2980805097|0
2995225680|0
3109323517|0
3117343922|0
3120503393|0
3124600941|0
3127768577|0
3155354257|0
3199525113|0
3218243790|0
3258893004|0
3298655766|0
3359870791|0
3376885257|0
3452601549|0
3455308645|0
3468323353|0
3515956899|0
3523551583|0
3624466190|0
2903103554|0
653316376|0
1786574658|0
1876134657|2
2199525516|1
3100921801|0
3234203722|0
1422945788|0
1826431516|0
2689185083|0
194168716|0
408803341|0
476353149|0
2813543045|0
2264782229|0
11918023|0
84729596|0
88027808|0
171782444|0
179299028|0
202018094|0
203348083|0
211994590|0
260481873|0
287928545|0
309323675|0
315774456|0
351929263|0
372056043|0
372815194|0
404757309|0
452394971|0
452837539|0
472198563|0
504835979|0
512169713|0
512571119|0
530251458|0
575570785|0
576349109|0
592695989|0
602230279|0
643509595|0
645041493|0
671567125|0
690006127|0
749091343|0
764149154|0
771337993|0
775720748|0
780536890|0
790759135|0
811631278|0
844564850|0
857159016|0
871617662|0
873487732|0
896531381|0
910533310|0
916822665|0
918956028|0
924759454|0
949824930|0
969870568|0
978616040|0
995008800|0
1026624244|0
1031085542|0
1046551176|0
1060061283|0
1066280291|0
1070006527|0
1074755932|0
1077558493|0
1114101058|0
1114675766|0
1115411753|0
1121475447|0
1132246553|0
1136729955|0
1163552829|0
1187467828|0
1191792292|0
1208013716|0
1208471915|0
1227015647|0
1257241796|0
1272160869|0
1311055486|0
1325254006|0
1371675915|0
1411097231|0
1414688755|0
1419022941|0
1419549971|0
1427141312|0
1434716883|0
1444632059|0
1456980134|0
1463481562|0
1471617280|0
1473976938|0
1482333759|0
1502791980|0
1505441701|0
1506159754|0
1507967986|0
1508994518|0
1519942715|0
1575176404|0
1579847752|0
1585293273|0
1620628713|0
1627795302|0
1628171169|0
1653485370|0
1662474967|0
1664962271|0
1678299191|2
1697453071|0
1722800288|0
1727859303|0
1740061535|0
1762075716|0
1773055672|0
1784733084|0
1789631421|0
1789813671|0
1843396954|0
1851904742|0
1852924501|0
1911920153|0
1930576396|0
1943720585|0
1947385844|0
1956143185|0
1956862481|0
1959495548|0
1969982346|0
1984732358|0
2013719406|0
2039270332|0
2039580248|0
2051432086|0
2052413718|0
2053672508|0
2074350473|0
2077253704|0
2079480937|0
2093851488|0
2104795447|0
2112404020|0
2115070067|0
2121938171|0
2126384506|0
2136675672|0
2145123372|0
2154688066|0
2161865995|2
2162063371|0
2183927003|0
2187912564|0
2211696575|0
2217252035|0
2242842450|0
2271460109|0
2279752192|0
2285207065|0
2286220669|0
2287295895|0
2290384702|0
2338175916|0
2362306209|0
2378139627|0
2396217312|0
2421288152|0
2424739898|0
2430256130|0
2430535389|0
2441839825|0
2531019701|0
2532559426|0
2547994131|0
2553340481|0
2571609684|0
2572875129|0
2583617224|0
2651065718|0
2658507713|0
2668120420|0
2677458207|0
2678279982|0
2685833688|0
2693500336|0
2706165057|0
2720792960|0
2730368950|0
2757782742|0
2759783828|0
2779803858|0
2803109093|0
2812868619|0
2833018464|0
2834241322|0
2836394286|0
2867826220|0
2875883749|0
2907136670|0
2908762298|0
2924281210|0
2935213309|0
2939850546|0
2940993459|0
2942715168|0
2949027923|0
2983298779|0
3013643466|0
3036754313|0
3038612359|0
3040858450|0
3048143743|0
3058397679|0
3067681466|0
3073769645|0
3121205727|0
3121572062|0
3129676812|0
3145076431|0
3149255461|0
3159443529|0
3163319711|0
3171661910|0
3178414276|3
3178531245|0
3198395434|0
3200655938|0
3228183933|0
3236761646|0
3260637828|0
3287494396|0
3290165690|0
3294039857|0
3296677248|0
3328507035|0
3349527884|0
3371185939|0
3372158596|0
3381942221|0
3406232422|0
3434318576|0
3454627465|0
3525820763|0
3539416346|0
3541801443|0
3411391434|0
430039336|0
272422016|0
573797470|0
872730095|0
909590038|0
1010133882|0
1046186661|0
1056876783|0
1071257370|0
1203325504|0
1276195160|0
1372720814|0
1403434149|0
1428625930|0
1447314086|0
2031493013|0
2164956177|0
2165645418|0
2167585121|0
2168378203|0
2246295621|0
2313198421|0
2393640386|0
2440282484|0
2542373616|0
2578162165|0
2653267398|0
2671933112|0
2689603070|0
2724677404|0
2819338755|0
2836773254|0
2847354487|0
2891781443|0
3027872546|0
3039735526|0
3084109908|0
3249605559|0
3264454417|0
3365376837|0
3424669020|0
3426417006|0
3606381583|0
3224282045|0
404980587|0
707620599|0
898924513|0
1090837238|0
1283068542|0
1467852507|0
1542589694|0
1701233540|0
1770899642|0
1850064070|0
1850309819|0
1987073371|0
2015252952|0
2026225437|0
2225993688|0
2315329133|0
2338688973|0
2384095468|0
2412305684|0
2428639093|0
2506714565|0
2529938028|0
2569315177|0
2680766510|0
2713521862|0
2749851716|0
2764475157|0
2854214267|0
2868402631|0
3108855904|0
3172259706|0
3202706747|0
3218324240|0
3230164053|0
3335151075|0
3536840861|0
34936906|0
53421487|0
246263758|0
386032666|0
415339067|0
422778035|0
497583104|0
540935634|0
630939634|0
632437335|0
643855580|0
663796209|0
726394807|0
765402096|0
862516510|0
937345730|0
962043146|0
963157714|0
1060857648|0
1066509481|0
1077476089|0
1093829374|0
1120361747|0
1162944363|0
1206793746|0
1252700361|0
1291546827|0
1296338127|0
1400869564|0
1403823900|0
1450248369|0
1485850336|0
1504875489|0
1525002690|0
1590271451|0
1596132179|0
1812258653|0
1813213416|0
1852029522|0
1879997490|0
1900798582|0
2183872473|0
2193751077|0
2228307183|0
2300446539|0
2324640416|0
2421873321|0
2430487266|0
2432265166|0
2459046935|0
2472485822|0
2482964070|0
2684318545|0
2804300397|0
2819978243|0
2845752875|0
2862970018|0
2875628782|0
2945228354|0
2966527045|0
3072766758|0
3082451063|0
3094473087|0
3104462372|0
3200976236|0
3204835842|0
3207922870|0
3224073847|0
3246897737|0
3275901795|0
3408047649|0
3408722813|0
3455352428|0
3461671386|0
3489114459|0
3544267122|0
3552138530|0
2178650161|0
2786190160|0
191686858|0
212076694|0
634210549|0
907651603|0
935333577|0
951336328|0
1010832713|2
1073960379|0
1271886423|0
1285676148|0
1343837904|0
1354373269|0
1504096104|0
1571443438|0
1571461723|0
1636693430|0
1660894824|0
1687108451|0
1763918487|0
2317864034|2
2372005913|0
2408760854|0
2450543965|0
2451467643|0
2470936376|0
2548466907|0
2764207477|0
2844032310|0
2897880244|0
2926447839|0
2954363990|0
2956843673|0
2997068956|0
3045341889|0
3061067972|0
3181855116|0
3200176548|0
3332817127|0
3355937623|0
3380648913|0
3446262204|0
3500221559|0
3548661593|0
1074516629|0
2369788174|0
3206443093|8
737842626|10
1608835058|0
44991010|0
246823151|0
474576980|0
487934863|0
810707790|0
839957497|0
939319093|0
1147761774|0
1175608780|0
1226314093|0
1278746876|0
1296370104|0
1301713529|0
1368141504|0
1756662562|0
1816024217|0
1919097060|0
1942230911|0
1976572328|0
2063760868|0
2146495011|0
2179607552|0
2433836423|0
2488434109|0
2577164476|0
2721655246|0
2779927409|0
2790017767|0
2904628824|0
3058638682|0
3170588196|0
3210135490|0
3351846702|0
3364164314|0
3429531806|0
3458871887|0
3529034356|0
1293714326|0
2668152983|0
3160312627|0
1419706|1
50859140|0
358557251|0
745862618|0
910722758|0
1090267469|0
1139954766|0
1179466821|0
1275071527|1
1359019994|0
1840095162|0
2032796503|0
2083590647|0
2096317508|0
2293102435|0
2313134013|0
2363906384|0
2401829082|0
2490532569|0
2773146215|0
3197394010|0
3279388339|0
3404193276|0
3443679296|0
3604393352|0
3617334590|0
209720559|0
867717974|0
1012141839|0
1015700257|0
1665866552|0
1952508943|0
2082832773|0
2135528434|0
2216744956|0
2367940958|0
2630756749|0
2762169153|0
2786638844|0
2811036538|0
2903043787|0
2913617854|0
2916234150|0
2948714497|0
2973232506|0
3151285592|0
3155119818|0
3162746672|0
3210103611|0
3222398153|0
3386210059|0
3407463851|0
3522410297|0
3525402740|0
3609970062|0
136254146|0
166274079|0
232214538|0
264360985|0
264563751|0
282611748|0
330920695|0
349047421|0
349967701|0
412720006|0
459260454|0
467078854|0
478929295|0
501054583|0
571583145|1
582138871|0
610132615|0
653898692|0
656213887|0
724406918|0
728996579|0
766280346|0
773858440|0
784032435|0
792139589|0
843063669|0
847823938|0
920630918|0
937404959|0
951623226|0
960294283|0
964629041|0
976717014|0
983891514|0
987765678|0
1006526964|0
1007186057|0
1007237261|0
1013490140|0
1017446187|0
1031715543|0
1037284395|0
1037320122|0
1061611518|0
1064944719|0
1067150950|0
1093923315|1
1151290755|0
1193644897|0
1203269377|0
1213980912|0
1226522535|0
1240107552|0
1254569268|0
1270821450|0
1322910145|0
1340673093|0
1360148113|0
1364389686|0
1366537451|0
1421343167|0
1422536284|0
1436997691|0
1445406090|0
1447427246|0
1459762748|0
1478084165|0
1486918841|0
1535172709|0
1608788512|0
1635326949|0
1650359606|0
1656976545|0
1712235983|0
1723242094|0
1733806778|0
1762089814|0
1793231460|0
1793923023|0
1794198156|0
1878552368|0
1904165322|0
1912005431|0
1937650115|0
1950746729|0
2031917320|0
2038720470|0
2055905842|0
2068332116|0
2083896953|0
2100026703|0
2197224679|0
2225278827|0
2281080003|0
2334473465|0
2358246081|0
2383136165|0
2397122775|0
2441301620|0
2442518695|0
2453183508|0
2499204199|0
2508515399|0
2519583211|0
2543640046|0
2557567780|0
2560623487|0
2571163547|1
2581216985|0
2634911854|0
2636427636|0
2643027387|0
2682267144|1
2703693020|0
2706581607|0
2707847548|0
2710510009|0
2736567776|0
2748781136|0
2768923118|0
2776877459|0
2789183299|0
2872865074|0
2877670143|0
2893533326|0
2896099725|0
2919416315|0
2933043862|0
2940326818|0
2947885398|1
2947969792|0
2986289917|0
2995738166|0
3011782439|0
3054853513|0
3062213332|0
3103630952|0
3115769751|0
3193436889|0
3193496680|0
3199959832|0
3230162579|0
3231982276|0
3247219521|0
3276295001|0
3280495806|0
3281278026|0
3287187699|0
3294522153|0
3351735501|0
3361282334|0
3412924704|0
3416755832|0
3418252087|0
3418510693|0
3439096976|0
3473151077|38
3504269091|0
3517567091|0
3589780553|0
3601199370|0
31893803|0
79203824|0
109586134|0
211388178|0
246008924|0
257545582|0
264807689|0
282152365|0
316016211|0
328700207|0
352268112|0
394976898|0
405416016|0
437399533|0
453712827|0
481018378|0
540427775|0
632144254|0
654657005|0
709851881|0
748115932|0
761235380|0
763893759|0
773329413|0
785004634|0
875553188|0
878040823|0
893373509|0
908151911|0
926066324|0
928997907|0
935678944|0
956810868|0
1002145061|0
1004588610|0
1005417039|0
1034185392|0
1071489683|0
1076021755|0
1077726092|0
1114672421|0
1148726991|0
1198909392|0
1224966235|0
1264485398|0
1275113358|0
1304139793|0
1319373428|0
1320339135|0
1347374579|0
1361385171|0
1362824709|0
1431631367|0
1436069838|0
1436929323|0
1437548852|0
1446144103|0
1454214237|0
1497336309|0
1500759885|0
1503517769|0
1507383042|0
1529945230|0
1531939914|0
1544189298|0
1547315721|0
1578345955|0
1590610366|0
1590791171|0
1592233673|0
1602401957|0
1603339506|0
1617511686|0
1633931706|0
1637210116|0
1638046293|0
1716335832|0
1719883227|0
1728026105|0
1778837657|0
1782638370|0
1808343981|0
1810940687|0
1825346343|0
1825897044|0
1842896024|0
1847834207|0
1850700084|0
1902512291|0
1934699047|0
1938429256|0
1956645978|0
1962789423|0
1974899871|0
1987222031|0
2024983795|0
2026485554|0
2041812169|0
2060921516|0
2072186918|0
2077435525|0
2087512533|0
2091438991|0
2096958260|0
2105918718|0
2109813593|0
2112730497|0
2118900572|0
2123163897|0
2125477292|0
2125776857|0
2130119973|0
2139817484|0
2140953546|0
2145483811|0
2152286501|0
2158186904|0
2182736077|0
2186961311|0
2191468131|0
2198549110|0
2228227417|0
2249235394|0
2250047665|0
2273943066|0
2284447592|0
2292955906|0
2309051850|0
2318189489|0
2353341293|0
2361295466|0
2380709362|0
2384133755|0
2392751511|0
2393271425|0
2409707702|0
2450224151|0
2450617276|0
2471340513|0
2476372451|0
2478882419|0
2493768545|0
2504384479|0
2556341574|0
2557197382|0
2563639499|0
2569075708|0
2575629868|0
2576208530|0
2583066685|0
2585386043|0
2606494430|0
2624305759|0
2654431976|0
2658301141|0
2671950903|0
2685271788|0
2725993341|0
2739029243|0
2742593670|0
2761731623|0
2773113780|0
2797828083|0
2805563229|0
2821849024|0
2834986226|0
2840788829|0
2857190957|0
2879183838|0
2893813105|0
2900143493|0
2900397194|0
2901803970|0
2903611164|0
2907474237|0
2918029975|0
2929048917|0
2942960833|0
2950413743|0
2956107490|0
2958093236|0
2974984601|0
2980181313|0
3025871164|0
3034756951|0
3051905898|0
3063455096|0
3067623562|0
3071244216|0
3078577922|0
3089653214|0
3095727571|0
3116270463|0
3130592362|0
3135925673|0
3149299534|0
3149759821|0
3168747512|0
3172646171|0
3177292874|0
3197717708|0
3233063313|0
3261811468|0
3267992149|0
3272887425|0
3329964095|0
3352301357|0
3353114738|0
3357501569|0
3378235029|0
3380977194|0
3382901727|0
3387939249|0
3388695687|0
3400818069|0
3401303724|0
3404865941|0
3413025846|0
3414025662|0
3415576484|0
3423066269|0
3433453117|0
3450639636|0
3456426250|0
3468739963|0
3483912225|0
3500789732|0
3501183110|0
3507357453|0
3510196460|0
3510372954|0
3511279748|0
3522073283|0
3533572235|0
3536694017|0
3537262538|0
3540778989|0
3554840159|0
3555217022|0
3558492839|0
3607848633|0
3612912640|0
3613499804|0
46132182|0
77403001|0
84223282|0
84297102|0
106489320|0
109590088|0
117752940|0
137096382|0
160346063|0
166388358|0
167569365|0
188267832|0
208329764|0
210199676|0
243315528|0
253881314|0
289855067|0
296530339|0
316799803|0
319263616|0
342779383|0
347290956|0
358443162|0
361183828|0
362670498|0
374233773|0
374913440|0
394138099|0
406345677|0
423446470|0
425936294|0
427744382|0
437524909|0
438594734|0
439197797|0
442604445|0
443050500|0
443950511|0
455232613|0
468917420|0
469044134|0
474301386|0
495936028|0
496313682|0
510844554|0
512956714|0
513160171|0
514335255|0
517176381|0
517469802|0
519061202|0
525868158|0
526972760|0
531627844|0
542484436|0
545976026|0
552793035|0
553243941|0
553812529|0
563750370|0
564505341|0
572548143|0
584113887|0
591454155|0
592795593|0
596708982|0
614550605|0
614604464|0
614734019|0
616668326|0
641611663|0
645069821|0
654706316|0
664420447|0
676413510|0
695309806|0
710219142|0
710918704|0
730605621|0
741101170|0
744407674|0
778998327|0
785560899|0
791419017|0
792620437|0
798951382|0
838231603|0
845257875|0
850542445|0
867857508|0
897590238|0
904198218|0
907080145|0
913338939|0
940772780|0
962550065|0
1017562439|0
1024930787|0
1029456251|0
1031155238|0
1043984444|0
1060045215|0
1061955887|0
1063842251|0
1063984520|0
1076629627|0
1097510198|0
1103081165|0
1109801931|0
1115711564|0
1136715076|0
1138903702|0
1154720789|0
1158930150|0
1160574753|0
1162077369|0
1181769492|0
1183781087|0
1209075341|0
1240298230|0
1243038789|0
1245545377|0
1252372759|0
1259099553|0
1259248852|0
1271349487|0
1271425356|0
1291177951|0
1293969501|0
1296711975|0
1300931417|0
1355752776|0
1359344377|0
1393307907|0
1395718460|0
1425398061|0
1453085222|0
1455711690|0
1461330214|0
1465491476|0
1480429103|0
1485761969|0
1501721618|0
1523244401|0
1524349905|0
1526596255|0
1544432638|0
1589586760|0
1615698873|0
1683004608|0
1691906302|0
1695100476|0
1704488317|0
1771649722|0
1774696348|0
1779473318|0
1779901019|0
1807954271|0
1808181845|0
1809565436|0
1821551824|0
1839927917|0
1901973485|0
1906118738|0
1914964180|0
1919514830|0
1939791261|0
1951415385|0
1952351775|0
1956599605|0
1961014419|0
1990369962|0
2013855978|0
2037385236|0
2083058810|0
2095038557|0
2138268914|0
2139650834|0
2148991511|0
2168211745|0
2174210546|0
2191633530|0
2218809557|0
2234108273|0
2236964575|0
2277205369|0
2277470348|0
2305701233|0
2322241837|0
2354963085|0
2366678351|0
2391021896|0
2418629758|0
2429667508|0
2441214357|0
2446492673|0
2448122241|0
2477210155|0
2482629471|0
2491356026|0
2496924298|0
2505549564|0
2513612137|0
2532405018|0
2537484445|0
2538366767|0
2571337641|0
2576663414|0
2594313295|0
2595002557|0
2625867960|0
2633960845|0
2636877500|0
2640822770|0
2679518021|0
2712747195|0
2726548845|0
2727075325|0
2748419008|0
2769308414|0
2769849991|0
2788362875|0
2793469387|0
2813741588|0
2820410699|0
2821523280|0
2834046745|0
2858086315|0
2864662985|0
2864969482|0
2868145803|0
2869822295|0
2900363708|0
2906995029|0
2916439805|0
2926802020|0
2928321911|0
2933498702|0
2948868976|0
2979152384|0
2983626693|0
3014824524|0
3025893064|0
3032602641|0
3050413425|0
3076066487|0
3099528825|0
3103254390|0
3109838614|0
3125858544|0
3142116104|0
3150998737|0
3169380742|0
3182083519|0
3190442376|0
3225244036|0
3236860498|0
3244891410|0
3266625452|0
3270912655|0
3283403974|0
3318306466|0
3334137056|0
3364362928|0
3367299903|0
3376053494|0
3387845960|0
3388639453|0
3398231779|0
3416830352|0
3437382213|0
3437623828|0
3439421061|0
3453346020|0
3460916194|0
3527682017|0
3544397908|0
3574244113|0
435521552|0
1293173113|0
2564770685|0
2574300473|0
3269809965|4
3364657985|0
198944126|0
246463104|0
257247520|0
730465726|0
768796110|0
2034024473|0
3048606788|0
3117168343|0
3192597364|0
362351342|0
564080059|0
773648761|0
826472654|0
941104913|0
957616114|0
1169140577|0
1323129502|0
1325188458|0
1429378259|0
1490394711|0
1509924836|0
1512962217|0
1692037321|0
1993163301|0
2053895335|0
2140242668|0
2366127435|0
2372446683|0
2422727189|0
2506600389|0
2559242120|0
2806525850|0
2835523376|0
2875207986|0
2977146324|0
3047613025|0
3392577613|0
3397855179|0
3411827617|0
6143471|0
240905415|0
494548994|0
526671486|0
568242584|0
705097824|25
749077746|0
761279372|0
782129954|0
792718600|0
810870276|0
864576096|0
932780624|0
996818261|0
1075458306|4
1115185437|0
1149775691|0
1170930892|0
1184887353|1
1249903306|0
1260245799|52
1362072245|0
1379521141|0
1399639826|7
1448144376|0
1543491525|4
1575181076|0
1601599118|0
1609475775|0
1667391703|0
1689314706|0
1731429893|0
1768445469|0
1811493066|0
1826877738|0
1852190761|16
1936115589|0
1939945524|0
1943988325|0
2018376907|0
2124991674|0
2240676620|0
2274617036|0
2356722283|0
2403513323|0
2406919962|0
2433783425|0
2461958097|0
2532665367|0
2543021823|0
2589291775|0
2625435669|0
2653535198|0
2662261025|0
2674968180|0
2677375539|17
2848762597|0
2952809023|0
3024396739|0
3038167962|10
3042922265|0
3078945715|0
3082392331|0
3087731158|3
3092725169|0
3109912050|0
3114297255|0
3119719008|0
3173666748|0
3310874528|0
3368550894|0
3489577092|0
490088034|0
1063620429|0
1078230407|0
1144697579|0
1511317058|0
1765351261|0
1820811595|0
2480311380|0
2557820364|0
1337316391|0
1541354347|0
1739495262|0
1991225128|0
1476114186|0
2624293281|0
674281572|0
1977669139|0
1986687107|0
2029800189|0
3292919831|0
157899009|0
1050341849|0
1114187114|0
1247759351|0
1650827568|0
1750871771|0
1877204353|0
1914402584|0
2279449854|0
2523666705|0
2563007495|0
2590243700|0
2685585291|0
2731100600|0
2774577834|0
2952242739|0
2985939797|0
3075613990|0
3153851975|0
3230641676|0
3348514699|0
3439711061|0
